1551361273232769024
1551360293661450242
1550647629029093376
1550259934868037632
1549986163171024896
1549916591155884032
1549916542032158721
1549894875553730561
1549875887201406976
1549863441451458560
1549849514361495552
1549849199285374976
1547082761969643520
1547046443671642112
1546531704709550080
1546360656147922944
1546309931829284865
1546309498016604161
1545115568952320000
1544102893459951617
1544035776723226624
1541956706254688259
1541950768277757955
1541941861589336064
1541941785559171072
1541560266663632904
1541429557831430147
1541188518478696448
1540928298280030208
1540915978405437440
1540774843536142337
1540008395343663104
1539856314637209601
1539669215136731137
1538251389406629888
1537945267185496065
1537845414052995075
1537497084697292800
1536810152371703809
1536583587427848193
1536568256848285696
1536539047698386944
1536222244589842432
1536148578401284096
1535353913871941632
1534742396818411520
1534592959479431170
1534543113598906368
1534542823143313414
1534284172600172549
1533512636201050113
1533276582499864576
1532805842503860225
1530223963300941824
1529883343336407040
1529882926032338944
1529882206927200265
1529564660327862272
1529558857978368000
1529519936338550785
1529518147346341888
1529518046678859777
1529352575480279046
1528960686860029955
1527811542284214273
1527320194909372417
1526656411371028480
1525218214896189446
1524915851211681793
1524915800422764544
1524168876464001024
1523795647161585664
1523411869775835136
1523343986143887360
1523066975236149248
1522667189823631360
1522667145057898496
1522653166365458432
1521722202046955520
1519906348292579328
1519793326299394049
1519788876344311815
1519759046408122371
1519428934370275330
1516237393870864389
1515372090626650113
1515103677991763971
1515103411489943565
1515085466890125321
1515060300063592459
1514439992562659328
1514429765779869697
1514372341899448326
1514371912025182216
1513590796624498688
1513566320650067980
1511827921232609280
1511782372039184386
1511769454279073800
1511429416143962112
1511429213475287049
1511429207141851142
1511351952873041924
1511350371788152832
1511000767523606542
1510702323600920583
1510092974365057037
1509020737914519555
1508908963076653058
1508841777998012417
1508521649330700307
1508521041525710859
1507419437489483781
1507221763402485760
1507201370834800641
1506859913980620804
1506469121256419328
1506467660455825410
1506339052823359488
1506339000646176768
1506335051448942596
1506323624029917186
1505700872763940865
1505027034547900416
1504880791205158918
1504878680899731459
1504877357475282953
1504684601859612676
1504572308136079362
1504554657376616448
1504517911540600833
1504517828300443649
1504207525683605507
1503552256385425418
1503552113976266753
1503550490910638082
1503549686321405954
1503410364897271820
1503200772103749638
1503053356075470854
1503041917545848843
1502761922785161218
1502451685863702528
1502451634122678273
1502451406627872774
1502449832417501188
1502449735403286535
1502449437725102086
1502448270127341571
1502446782583877634
1502446742989680650
1502446667110490116
1502440169659633664
1502438128799338497
1502437449523470338
1502436366092849153
1502434688065052672
1502340368154701830
1501390148822577153
1501389562215649281
1501315851009642499
1501304586933440517
1501245912374521861
1501236161053876224
1501118279464755210
1501116888805519360
1501115249746919424
1500889889046466561
1500881195713839104
1500733550022344708
1500731615961563136
1500525931668119557
1500284552987791365
1500281104712011776
1500281079936266241
1500275632223236096
1500266569959710720
1499936387872743431
1499924955953340421
1499923500668272642
1499923037080145922
1499818748152266761
1499816038627688451
1499636759763861509
1499540554442412032
1499540552429105154
1499538579491483649
1499263143595450369
1499261511444881410
1499189745104076800
1499189129871036417
1499082878113792007
1498779179613097989
1497836936987398152
1497779761753600001
1497385910173945859
1497334545409994756
1497275229470707715
1497118484513316879
1497044179884683301
1497043542371446804
1497024715549908995
1497024665839190016
1497016700985774090
1497015821977198597
1497008312046567424
1497008086397108224
1497007821522862082
1497007644770553856
1496965362667171841
1496962025947377665
1496961802923560963
1496958288235307009
1496958286775599127
1496953709342998529
1496749001328107521
1496608357356130304
1496211328188489732
1496189794577178624
1495582464995119105
1495316336200888324
1495315287750623237
1495133835402567680
1495133803060383749
1494733932222427138
1494374969421316101
1493835188799000580
1493654004701798407
1493644860544405512
1493313053928136704
1493079032774238209
1492989608451321866
1492989438644965377
1492965327772213253
1492959481881374723
1492192126557433856
1492190330262855685
1491939574813241344
1491939210810515471
1491920958080307200
1491915177020776454
1491888511624089602
1491841553928761349
1491837816753561603
1491828609295818755
1491556034896441345
1491236082150944769
1489805950605312002
1489686136234590210
1489685381004107787
1488982969133981696
1488971331865432069
1488970634654715907
1488926770287951877
1488899653273804804
1488741880984739843
1488435962170552324
1488403565664161796
1487902915327139847
1487876616432889859
1487875052620161039
1487579204967403526
1487570671349739521
1486858672261189632
1486770152544911360
1486095433306886144
1486095430941384710
1486092781231742983
1485673322423672833
1485094937997758475
1484385167636672514
1484255826428801024
1484222955051757569
1483510165190156292
1483510074840649728
1483368696475267072
1483261281784238086
1482639234670510084
1482493767668092928
1482493555159572486
1482202497980764161
1482193654789951495
1482096338003283973
1482061158739812357
1481898970771333121
1481898158733074434
1481206158941691905
1481183154572599298
1480309414661918728
1480244591534223361
1480244446499323904
1478834801587195915
1477894110203678720
1477769283199389698
1476703827533479937
1476703225336279046
1476637971856203776
1476621709767757826
1476606616913027074
1476476595854770176
1476409785046208512
1476402438970253313
1476341281920065538
1476340711217840132
1475934051722620929
1475933508342145028
1475932869289598976
1475930943739383810
1475535102578937861
1475504084652371979
1475470649384656909
1475469683025494016
1475427747388444678
1475426781880586242
1475426649336426657
1475426459368005636
1475425884488278017
1473801883336671233
1473093694064451584
1473081312386895878
1472639823479336961
1472343067986251779
1472013504894816256
1471908486334218242
1471157336815378442
1470941191948615681
1470935950750593025
1470587539463585798
1470587251818221579
1470585911318564865
1470569795213045776
1470569573254586375
1470451003229192193
1470450909004148736
1470262280600399872
1470255726916481025
1469017313156505608
1468457252667281408
1468370279739101193
1468367997135904772
1468315471204143106
1468273175020523520
1467722733148594176
1467417185089957890
1467417046988341249
1467416416148152331
1467190524016738312
1467004335892664321
1466084966396219398
1465574982520655872
1465553071317164034
1465551330479681542
1465146649068642306
1463737740743168008
1463650193727836160
1463197619069472769
1463193252085972999
1462651574165983232
1462648568364158977
1462320551767150592
1461856895396823042
1461606987058212864
1461605878377828354
1460651393891508224
1460401204245110785
1460160648831127552
1460160262518935558
1458916352408764435
1458915892339744770
1458906677592215553
1458509015164485633
1458297959360053252
1457903075650375680
1457880155871973382
1457513747023601673
1457172876042424322
1456449683002314760
1456440958904504320
1456370566831607808
1456123550281175041
1456121743500845056
1455993328286113792
1455751825983000578
1455058869776838656
1453077842183475206
1453061480220352512
1452443509529591809
1452124195719106561
1451610434369425422
1451211402786623492
1451058611241771008
1451058031077335041
1450953849850662912
1450953232730058753
1450935475665993730
1450935085704912897
1450882008003989506
1450725844683481094
1450362482573279237
1450160465363963920
1450125056470888449
1449850202454593536
1449494144397807619
1449248927069483009
1446161853693009933
1445262425251483649
1445144300317184010
1445143986272968711
1445132531079200769
1445083132366045191
1445082617070641153
1445074702104289290
1445071286288461824
1444420347416047618
1444376210935619584
1444376085752389637
1444061933800411138
1441116505953882119
1440509353795076099
1439017089830776835
1438976451542323200
1438197441325637635
1437953847964708866
1437937787416809474
1437487851713740804
1437314724711047170
1436211680237686807
1436195654749941811
1434242596956745730
1433660882140246043
1433612778674163739
1433303708524294149
1432564494601838596
1432564352381435906
1432549057155764224
1432399560614293506
1431830328004399108
1431413779384860673
1431150912005804035
1430720532853534724
1430720304763097095
1429619448361766913
1429611161616625666
1429244239318118402
1428956748031963139
1428828664527953922
1427868421987962883
1427858997244268547
1427735379147251716
1427529629045305365
1427136413200371712
1427135314464690185
1426772773678972936
1426764398454968323
1426761768538230787
1426699553890136065
1426663432607059970
1426644228893904897
1426637180315725824
1426488032685821952
1426436851682844674
1426436574233784320
1426436484299583494
1426383203523194883
1426313225675501570
1426264706247974918
1426119251493019649
1425940343141371907
1425712005529407489
1425228898636206082
1424974770559463441
1424444707136933889
1424052483358437384
1424045564119986178
1423872172301377537
1423769631144218634
1423757656959897601
1423344569882664967
1423311306719956995
1422799011761717251
1422438556132208641
1422310665990119424
1422034294445420549
1421669585007300610
1421158395365806080
1421097932003106816
1420820503057641478
1420629968304885768
1420454830649364481
1420454284529999873
1420422949547515909
1420415696782176260
1420414903777644544
1420266910311198724
1420187884393533441
1420187622195015681
1420119023161942016
1420075818835976194
1419866543337349120
1419866254634930177
1419480935343476738
1419424644273254406
1419420618026627075
1419407474529026055
1419160307646156805
1419023143402889226
1419022966906626054
1418421741039280134
1418015310511226881
1417644167421861890
1416856562937700357
1416850369506791424
1416847869085032449
1416601957419134978
1416590907982368771
1416438277549264901
1416144496065056768
1416144030694531075
1415810664145166338
1415504987350835201
1415066387467358208
1414612314272243712
1414610534188699649
1414445086646018048
1414360164560379907
1413635595352494081
1413605610604535808
1413280922338619396
1413254444054028289
1413253596322308097
1413211753618489346
1412914216093298691
1412800621854482437
1412796157072494595
1412515198250987520
1412474797284638720
1412190412308041732
1412190057902059523
1412151500210524163
1412101249315622918
1412080795657846789
1411441386369523713
1411030500953640960
1410748390590214148
1410696686268301318
1410023181872603137
1410023070744473600
1409976096158748672
1409647639419785221
1409326255619686405
1409041779068784643
1408892099752235009
1408555103112495105
1408219673083138052
1408154745118892033
1408154003968598018
1407853548239470595
1407796100136845316
1407508529305440258
1407438994183397379
1407363682796019718
1407106787808092160
1407093005664804870
1406692668038647822
1405680515173208071
1405655744863682560
1405384396111335427
1405383325892632580
1405383162780438531
1405341849183793158
1405323246183006214
1405317436526714882
1405316861982564358
1405316114482139142
1405314334297833480
1405295352681467911
1405293535419678726
1405293443585392649
1405266637767335937
1405261311034990601
1405256886719500292
1405249815034880000
1404955263547985923
1404564766148935683
1404564420156657670
1404560031320846338
1404520712241549313
1404520535262965760
1404519808734007302
1404508365640843272
1403823789071294476
1403525910859550723
1403525693414199299
1403508336851656706
1403489488668667909
1403489068437147652
1403488592790425602
1403455191463104512
1403419368306921484
1402841266484883458
1402812275010981889
1402784587718275074
1402772973036224514
1402762338424573962
1402757670810132482
1402754749154344961
1402746404154621956
1402745090221785096
1402713189490561027
1402390014642774017
1402389915527172100
1402389214172438541
1401999126510936073
1401948649131855876
1401948309397323777
1401933567815475202
1401665968070434818
1401556527425667076
1401240877423599617
1400588754692325381
1400588745833914380
1400568903995174912
1400480988279443471
1400247951977586689
1400200524637605896
1399855492113960960
1399836109375410180
1399770107191123970
1399515889217724419
1399376147201339397
1399195922597285890
1399179451238436866
1399037487293546499
1398654449934114818
1398380382530252814
1398082468595572737
1398073427190333447
1398004270751006721
1397992171417051136
1397958465457373184
1397958076502790144
1397349909288951819
1397342631684976645
1397334445892456449
1397333821780070401
1397078257858662400
1396988232420765697
1396947694690705408
1396942248147881984
1396941004582932480
1396848634470223873
1396664042450731008
1396622315929042944
1396617186094075906
1396616735831248900
1396515271649673218
1395880882402103299
1395783308940914696
1395783004698652672
1395768818660687872
1395764787741614085
1395599114302230530
1395597056492785666
1395596536352960513
1395540952509521923
1394793471333044225
1394451713155760128
1394421175938437120
1394420389753806851
1394370749197131776
1394369060469608449
1394362513874096132
1394361612191010818
1394123706549608449
1394067265314824192
1394066504354869248
1394066343528443906
1394053546237104133
1394053231362334727
1392636726003355648
1392284221788639234
1391682531649597440
1390558743549685761
1390427545426964483
1390427543916924930
1390340507545518082
1390314595986952195
1390309747287543811
1390159521297936387
1390159410731929600
1390154687157088258
1390094961169813510
1390094936498900992
1389970088367955970
1389387000256606209
1389356898240143361
1388970998016483328
1388901127702388738
1388399622805147648
1387920450257293314
1387288079887650822
1386764536418557952
1386699671515516928
1386470438075654146
1386468528119640064
1386285600853028867
1385800731572113417
1385800182579699720
1385336132808810496
1384192314789154827
1384162949158240256
1383910116378824704
1383253016531197958
1383226027489447937
1383070047552241666
1383031383925223424
1383028848464318466
1382363338512879616
1382007678994677763
1381754073167319045
1381701432739561483
1381699659740016641
1381449517699112961
1381407797372452865
1381397003712757760
1381396011545923584
1381396009582989313
1381386849730580485
1381385579137490948
1381385286177935361
1381329133813129216
1381325404221374468
1380647373572075523
1380630691206074374
1380608326547992577
1380603747420737537
1380230967416197121
1380227916408229888
1380178419116339211
1379931628399656960
1379930041182777345
1379917086261182467
1379916628960407557
1379885293847855108
1379872675095584768
1379872543486656513
1379859864726482952
1379572324370898947
1379571267792216065
1379529425839140871
1379527505418272768
1379527370827304969
1379515069202104327
1379152538012946435
1379108616909643776
1379082697042227200
1378975371081744384
1378974338188214274
1376687599444766725
1376427668824973314
1375358314083667972
1374874995277635587
1374392647419269135
1374345210889654275
1374159925698510851
1374143059743608842
1374120144159526920
1374119607540256768
1374119342057611269
1374117201029050371
1374117109010214912
1374042882730909697
1373899492345323523
1373899349999054848
1373898858657292293
1373856394227556352
1373720848557821958
1373520069150568451
1373395465224458243
1373111149055541255
1373003468051378178
1372972259707604999
1372971285697994752
1372971105015717893
1372969982276079621
1372965204502413317
1372964756684894208
1372964532272828420
1372954703563124737
1372953205886255104
1372716072768565249
1372714910661087232
1372701792312561667
1372598614900441090
1372576393159081987
1372574965799608321
1372570467744235523
1372304755691773959
1372273851216883712
1372217049427107840
1370963978877161472
1370540722550628355
1370540440194318336
1370539298446061574
1370539075745234945
1370473941714800642
1370464141123670024
1370432693448577024
1370265982090899457
1370246006479089668
1370152636599648256
1370122193963737095
1370113175153217546
1370112604488753156
1370112396233179139
1369828500253724674
1369823759528386563
1369823506561523714
1369823263132504064
1369488119377113090
1369485781061013504
1369439573009436674
1369145060093091842
1369144237883727879
1369088999172624385
1369088396648275969
1368785716088434689
1368766417139421189
1368734627519623175
1367993795766231040
1367992964782297088
1367991015446097921
1367990968994107392
1367916929193635841
1367900880507301893
1367873032979615749
1367606139228192774
1367316050459709449
1367271790414807042
1367264503805530119
1367262678083772416
1367253016588394498
1366979841547931649
1366915041040080896
1366840677812768768
1366486673048014848
1365811104157364226
1365791347425247234
1365758119842775043
1365747043038154753
1365741443730481155
1365461784623079425
1365460462662377474
1365457843470614533
1365457653372190726
1365454031318114304
1365451860476362754
1365405664240144385
1365405548921851905
1365405384899317760
1365404919012843520
1365394737625108483
1364984510983458816
1364984334592004096
1364982663468126211
1364812567508512769
1364801293189963779
1364748436709367811
1364735650201620480
1364616121307914248
1364386174916120581
1364385931369742342
1364293803499163650
1364293309456216066
1364252977809133569
1364252264735514626
1364251237768593410
1363937899796832257
1363901003590889474
1363886654117666819
1363647794154598402
1363628558250221569
1363611785366937600
1363611557494550528
1363605292697546752
1363216343525249024
1362883872497696772
1362797854062899201
1362667756743614465
1362569427527458816
1361942967385169921
1361942522285551617
1361906729596850177
1361115576102391808
1361046353581907972
1360998006938476546
1360086717961695233
1360086026929070083
1360084911642738688
1359911159210549248
1359901708659224577
1359223775624011776
1359221453841788930
1358526059545731072
1358525690539249664
1358525352151187456
1358279770836926470
1357865263442624513
1356756882204024832
1356756753078226944
1355784521296146433
1354887190598193153
1354886957428482054
1354886631061286912
1354571994273099780
1354559275172048901
1354550608209072129
1354549821697388544
1354548269402247171
1354542928102875140
1354541251908005896
1354541051604836354
1354540660041396224
1354531278717132801
1354464576733999104
1354317173938745348
1354275617663926275
1354218816222318592
1354217767755341826
1354176429332729857
1353869242139955200
1353868395502952449
1353544798838300673
1353543909503246336
1353543002371702785
1353541101865496577
1353540972861415424
1353449884834164736
1353449668701609985
1353449254644158465
1353061108140056576
1352771258052706305
1352506661127155712
1352505689055268865
1352429381868810243
1352385640315432961
1352385596572971012
1352373571100815362
1352373476288561152
1352301067992592387
1352299771537473537
1352299076281253889
1352296117765984258
1352296033104003072
1352285403387097088
1352281253458841600
1352280745444737024
1352059543002312704
1352058090959458304
1352037740297281540
1352036388724764677
1351976867117592589
1351967921589923840
1351957569825239042
1351955410853400577
1351944518883414016
1351944333096697858
1351943873375858688
1351943492717580290
1351940828491513857
1351781961711292418
1351681433937584134
1351652781183143936
1351652070038892545
1351651906104528896
1351566840443506689
1351548136813068295
1351339049567588354
1351323173090955264
1351322981482582016
1350943747366903820
1350940732857733121
1350936183560413188
1350621182660231170
1350620683282259969
1350620052047839235
1350619935479787521
1350619686258368513
1350579753195999233
1350579583519662080
1350579255692808194
1350578887349059584
1350576381755723776
1350575886400065537
1350568509562970112
1350558989105336320
1349785302521397248
1349771966589198341
1349769826021961730
1349769540121497602
1349529171026800640
1349511916486492161
1349511214104158208
1349468358127845376
1348998847607971840
1348786465870761984
1348763287614152704
1348761770077290496
1348709495224950784
1348666195130478594
1348616897827201025
1348615531687936001
1348505968787681280
1348461818868469766
1348439870616739842
1348367025819709441
1348343908615352320
1348201112042524672
1348194689082564609
1348072927514660864
1348071796449284096
1347991076066365441
1347722454752378880
1347711989544480768
1347699560945045505
1347698921041104896
1347691828246532097
1347558145804148744
1347283442195722240
1347283244379746304
1347189031180894209
1347015203746062337
1347006992208916486
1346997627070472194
1346994847626919937
1346988734118461446
1346939829393649669
1346939721595817985
1346939026226364419
1346937486778408963
1346924988524335109
1346924347928272896
1346921242649980929
1346920917771853825
1346918600762822656
1346917941367869447
1346665125806178305
1346544649746350082
1346519468080414720
1346519043256143875
1346129824214118400
1345829179103690752
1345810666620293121
1345810356711649280
1344412966502813698
1344116024711368705
1343603709662662658
1343598556763074560
1343595609232699393
1343440562490232832
1343059095612502016
1342290184428204033
1341907116643266560
1341497676320419840
1341103807573471232
1340835840415698944
1340519425070432257
1340441933529792512
1339637992361766919
1339630142834937857
1339627159380484102
1339626279608479750
1339610545742331904
1339272453223231488
1339268162731257861
1339261182788550666
1339036209876635650
1338905142670716930
1338902768933765126
1338886875361079296
1338609569476427776
1338609072459796480
1338608182382350336
1338607868480692225
1338607079406202880
1338583853884002304
1338547398730108929
1338546987965149184
1338534615749783554
1338533884061917186
1337949992737107971
1337530809670983682
1337404822908243969
1337271718469988353
1337254873931255809
1337239725359333377
1337235419264499714
1337234267412201472
1337230392110141441
1337129030026407937
1337114727588261890
1337114574819119105
1337107008865112066
1337104564521144322
1337101541686308864
1337101306583003137
1337099856838610949
1337098459665625091
1337097211382026241
1336891758580355072
1336889503160573952
1336736962451890177
1336733069630267394
1336646102326493186
1336441744410329090
1336171712283430919
1336171642704125953
1336152353771192323
1336151724214558721
1336046787983941632
1334598539607994381
1334121922544734208
1334120448578248705
1333874069251428352
1333854696046473218
1333826626069655554
1333825910718525443
1333823950015639552
1333748128080482304
1332906041852399616
1332872002521030656
1332703966941958145
1332568847061159936
1332495285692616707
1332450651989626883
1332416093982502912
1332363527407988737
1332026655397748737
1332026055792574466
1331994751281741824
1331812577916059649
1331804330576416768
1331804196715122690
1331717960856072193
1331703011408818178
1331702314575523842
1331700187883073536
1331666394245591040
1331627586661740546
1331380381308776449
1331379922967818241
1331366161494097921
1331363108493770752
1330909888512466944
1329919483033489408
1329454815366291468
1329454683799293954
1329285160680898561
1329281366068916224
1329271639725379587
1329194822968590336
1329151036305657857
1329134404464160771
1329134249967022089
1329095626030673920
1328825568389840898
1328825345554857986
1328558379137073152
1328547967070994434
1328401291739992065
1327694996846243840
1327262673860390912
1327256586486640642
1327242400641609729
1326184175133618176
1326014176045625345
1325632199404609537
1325527337819987968
1325308485773357056
1325299822123868161
1325298663766155266
1325275043610255362
1325268468099293186
1325267189339807744
1324774369382596609
1324773357854826499
1324738398586810368
1324700326138707970
1324579210992652289
1324572961567776768
1324571223116800001
1324570735956819968
1324542351411355648
1324498557928267777
1324345496853344256
1324152969420402689
1324057624212434944
1323822420893970432
1323816498905841664
1323723244642340864
1323656934084497409
1323486704372625409
1323471751410380802
1323471662948380677
1323459333728821249
1323399128575963136
1323170721128869888
1323136461248458752
1323132974972325888
1323031455920873472
1322972332005101568
1322970415904419842
1322970052677693440
1322748988446007296
1322403527566581760
1322398140570329088
1322395005831405568
1322180822233870338
1321265084006604801
1321264560175673345
1321255873470066688
1321157447768178689
1321157256335872001
1321142196335071232
1320887191732588544
1320809057729585153
1320784241735602176
1320738351108898817
1320735945251901441
1320734045672738817
1320599223960629251
1320590436533071872
1320589883832893441
1320574454649401344
1320573218718011392
1320492222022733826
1320464033309356032
1320140741356630016
1320103700900106240
1320067767928668160
1320066171803103238
1319361127390826496
1318711296913666048
1318709675215351808
1318616557669425152
1318554672412676096
1318375431918120963
1318359993893101570
1318338739723137025
1318316986816851968
1318238594293780480
1318226571170320384
1318225924832231425
1318225684083412992
1318011501647597568
1317979855951048704
1317946282325897216
1317896364148154368
1317892199510519808
1317142923541098496
1317142185997893637
1317098764360851462
1317081847168299008
1316827904076996608
1316806897912213504
1316578617355202560
1316571537504313344
1316465331720777728
1316184465790574594
1316073073423060993
1315696693858443267
1315696245864890376
1315696244661129216
1315696243696455681
1315696241980866561
1315028617600983040
1315009956387594240
1314727347170365440
1314724729811591173
1314393760835354624
1314382207092285442
1314374657395494912
1314310001918308352
1314287611293261824
1314039276661698560
1314027959821377538
1313658689983713280
1313605161441394689
1313244903212679168
1313204799446437893
1313204107331674116
1313180065577029632
1313094567428718593
1313093947317608449
1312961232090013698
1312189921143054337
1311863983498956800
1311781517526405121
1311780260824793093
1311753928686661633
1311753068795629569
1311752734664777730
1311519561032691713
1311519136015544320
1311113398008963072
1311035416225685504
1311028375683829763
1311028285980188672
1310613346635325440
1310613188744892416
1309993055630422016
1309688795181117440
1309679084100698115
1309664474844901376
1309638188068229120
1309634382622339074
1309633274675896323
1309632821368180736
1309632187491332096
1309527790644060160
1309218683668045825
1309124957037899777
1309123764488228869
1308605582635487232
1308436357753307136
1308378970006716416
1308214417897611264
1308077433585831937
1308077168098975745
1307835050042433537
1306775802642489344
1306775599965372416
1306771245124395009
1306710840200974336
1304462792687316992
1303532266367246338
1303022354193235970
1303001101642289152
1302656023379886080
1301965692774707200
1301595131254980608
1301589779708928006
1301589524204515329
1301589038021844993
1301588921302695936
1301555927313596417
1301240566622027776
1301238708834676736
1299823870631788544
1299744786505703425
1299744706092507139
1299744616032468994
1299542895049895937
1298011066656419841
1297256047871066113
1296994805302657024
1296962374902124544
1296900423106859008
1294535635026378752
1294314181647310848
1294299734891327488
1294298592836894722
1294297412001923073
1294293478260633603
1293720302480814081
1293633651507249152
1293318137144700928
1292897990764400640
1292236174531031040
1292166129394171904
1292165296162091008
1292165166306430976
1292148161343963137
1290872652127784965
1290675014929276933
1290674056883183616
1290487229723230208
1290482310794457089
1290482182696235010
1290482067994632197
1290331631346229251
1290149004248981504
1290133123758317573
1289661630997860353
1289224252105748480
1289160067443376128
1288889956862230528
1288889511821414403
1288861623881367553
1288861622933495808
1288861621515739136
1288495229927006209
1288492240457719809
1288449009447653377
1288434131290877952
1288433714028933120
1288186095004536832
1288166424100380674
1288108584186699781
1287832158048927744
1287783544685645824
1287467125410390017
1287045827098116096
1286796716620967936
1286693825046429699
1286692584115433473
1286692474396618752
1286680183701819392
1286674089529114625
1286673929684189184
1286673709890068480
1286673576800792582
1286667640023310336
1286661978304344066
1286661693666295809
1286661406712975366
1286632495316787201
1286452035953364992
1286451774266605568
1286451316865163264
1286437540656889856
1286429609001533441
1286429429434945536
1286383724167229440
1286163055458447360
1286073502840156160
1286020207891234816
1285965293756407808
1285936448219144197
1285934991164059648
1285659583835451393
1285658111592800257
1285606438094680066
1285590171224698880
1285346789868986369
1285345894053711875
1285344581802799104
1285239493151227904
1285237513917919232
1284595202351456256
1284575796837801985
1284322303023570944
1284322165282623488
1284100559562145793
1283959563708841985
1283905470516703233
1283785298246168576
1283387757763661827
1282456408378630145
1282433902787743744
1281194789946355716
1281046558616637447
1281041308442755072
1280570206033793025
1280569710384500738
1280315234075332608
1280314194605170688
1280266587941908481
1279114858634469377
1279081946685947915
1278764783936909314
1277795137783885824
1277794750158893056
1277777711734218752
1277776777327202304
1277443130946539520
1277440379566977025
1277323318475907072
1277293740567048192
1276999442235875333
1276948619971555328
1276633978926063616
1276630176885903360
1276359108313010176
1276331462833303552
1276179591237902336
1276139417351131136
1276137497530175489
1276006436359729153
1276004108965605378
1275974415029657601
1275625575873306624
1275471303206551552
1275142101471096832
1274432904714543106
1274418096980103168
1274416892044668928
1274412377090355201
1274166770908033025
1274127206969565184
1274126966103224321
1274040912016859136
1274031151196172288
1274029793361592326
1274001553762836480
1273996812278325249
1273962990149103616
1273817074532376576
1273816813910945792
1273653769855778817
