1552435945961652224
1552435942237302784
1552435942069514240
1552435937233477632
1552435937027788801
1552435936830562305
1552435934561505281
1552435931621511168
1552435930572926976
1552435929130074112
1552435928651939840
1552435927624335361
1552435927586586624
1552435927259443202
1552435925111943168
1552435923316789250
1552435921978818563
1552435918413639681
1552435916148731904
1552435914521350144
1552435909202968576
1552435906631667712
1552435906388295681
1552435905331613697
1552435905176436737
1552435904907968512
1552435902122983426
1552435896884293632
1552435896792002560
1552435896708141056
1552435893755314177
1552435883257004032
1552435883236028416
1552435882178789377
1552435879968665600
1552435877963767808
1552435876495761408
1552435875631755264
1552435873983102976
1552435872544731137
1552435871315787776
1552435870942527493
1552435869965254656
1552435869302378496
1552435867784040448
1552435866802569216
1552435865472860161
1552435860586758144
1552435853007679488
1552435850117468160
1552435849731932161
1552435848599465984
1552435846825259010
1552435845957025792
1552435845705400323
1552435845512445957
1552435845004926976
1552435843893444608
1552435842119258113
1552435841263616000
1552435841112616960
1552435841003569154
1552435837962702850
1552435837207724033
1552435835332890624
1552435834238140417
1552435830882705408
1552435829234348033
1552435828366114816
1552435827401457664
1552435827048960000
1552435824880402433
1552435824452841472
1552435824024764417
1552435823475593216
1552435820791214080
1552435818421432320
1552435818400477184
1552435818362707969
1552435818328985600
1552435817683066880
1552435817569976321
1552435815875489792
1552435815422521344
1552435811869937665
1552435810527748096
1552435810389348354
1552435810200604672
1552435806920269824
1552435803707817984
1552435799635140608
1552435797567352832
1552435791472852994
1552435791326228482
1552435787953836032
1552435787538796544
1552435777363116033
1552435777250148353
1552435776725872641
1552435775408832513
1552435774968442880
1552435773945032705
1552435773525590016
1552435772619366403
1552435771420061697
1552435770920935424
1552435770891374593
1552435770543468544
1552435767997530112
1552435757545136145
1552435757314412550
1552435755808862208
1552435754529619969
1552435754261159937
1552435751862046721
1552435750343708674
1552435748628213760
1552435744668516353
1552435744257765376
1552435740126355457
1552435738738044930
1552435738268033024
1552435737983066112
1552435735588122624
1552435731729387522
1552435730408173569
1552435730349264897
1552435728910630913
1552435727296004098
1552435725052055552
1552435724758446080
1552435724737191942
1552435724687122433
1552435724502421506
1552435723412058112
1552435722426236930
1552435720895500288
1552435720819617792
1552435719498760192
1552435718248714242
1552435717892378624
1552435717468745728
1552435715950407681
1552435706319974401
1552435703669456896
1552435702931279873
1552435702708981762
1552435702012723203
1552435699105685504
1552435697738518528
1552435697423826944
1552435697356705792
1552435696891113472
1552435696878510080
1552435696094552066
1552435693309558785
1552435693154054144
1552435691677949952
1552435690981695488
1552435690893299717
1552435687148093440
1552435687022301184
1552435686783045635
1552435686531567618
1552435686284079104
1552435686128566272
1552435683842658304
1552435680722432001
1552435680542072832
1552435680416243712
1552435677945823233
1552435673524830208
1552435672723918848
1552435672224788480
1552435671620788224
1552435671213940739
1552435669120626691
1552435665664606210
1552435664591142912
1552435663861346305
1552435660237471744
1552435658836578305
1552435658765250561
1552435658048024576
1552435657808936960
1552435657498574848
1552435656651325441
1552435656634531840
1552435656227684352
1552435654109577216
1552435651550728192
1552435649487450112
1552435645314142208
1552435645116690432
1552435644903092227
1552435643191623682
1552435639450320902
1552435639081406464
1552435638196387841
1552435637609201665
1552435633997508608
1552435632903196673
1552435632441643009
1552435631988801536
1552435631531655168
1552435626792071169
1552435625353252864
1552435623646347264
1552435623184986112
1552435622874435584
1552435622841032704
1552435621951668225
1552435617371672576
1552435615148388352
1552435612032303105
1552435611138928640
1552435609649971200
1552435609180020737
1552435607628304384
1552435606953029633
1552435606013505536
1552435602238603265
1552435600900648960
1552435599843508225
1552435599663316992
1552435599105458176
1552435597595508736
1552435593480736768
1552435590746218496
1552435590284873729
1552435587507970049
1552435586216394752
1552435578326622208
1552435576032624642
1552435574849798145
1552435564233871362
1552435564078833664
1552435563722072069
1552435563541983234
1552435562832855042
1552435562178822145
1552435561792684038
1552435561171910656
1552435560731783168
1552435559456722944
1552435557833359368
1552435554750701568
1552435553047834625
1552435553022648320
1552435551735005184
1552435549742710786
1552435548349923328
1552435547255508992
1552435544583720960
1552435541521612805
1552435539835781123
1552435539529416704
1552435537696690177
1552435537184980993
1552435535373017090
1552435535356239872
1552435534026665984
1552435533833732096
1552435532688330752
1552435532587798529
1552435531438788608
1552435529421307904
1552435529329016833
1552435528267890688
1552435526564986881
1552435525998477313
1552435522446200833
1552435520705384448
1552435520370012160
1552435514833534977
1552435512438591488
1552435511708782592
1552435510614052864
1552435509657767936
1552435509540306944
1552435506314878976
1552435504943333376
1552435504335179776
1552435502699216896
1552435502686826497
1552435499335585792
1552435497494261761
1552435494726025216
1552435493358678016
1552435492096196608
1552435488656883712
1552435488375848960
1552435486349991936
1552435486110924800
1552435485938962432
1552435485439840256
1552435484223488001
1552435483502067712
1552435482386128896
1552435481522360320
1552435480255672320
1552435480066916352
1552435479098064896
1552435476715704320
1552435476573077505
1552435473758695424
1552435473054072833
1552435472492040192
1552435470810116097
1552435469576978432
1552435468989775872
1552435465001005056
1552435462379290628
1552435461225955328
1552435460970262530
1552435459464503296
1552435458919247872
1552435457962946561
1552435452006760449
1552435451344334849
1552435449624666113
1552435443198992386
1552435442754039809
1552435441022148608
1552435440497885186
1552435439403151362
1552435433954758656
1552435431144566784
1552435430557380608
1552435429210992640
1552435425301905408
1552435424853110785
1552435424475643905
1552435423552876544
1552435420775989248
1552435419559899136
1552435418477789186
1552435418389291008
1552435417764577280
1552435415524806656
1552435415067541504
1552435414581100544
1552435413096308738
1552435412924497921
1552435412391673856
1552435411334864896
1552435409925332992
1552435409493565440
1552435406180077568
1552435404301045760
1552435403147595776
1552435399796359169
1552435397942472704
1552435393609584640
1552435393584414723
1552435391516782592
1552435388656291840
1552435388245241856
1552435386777047042
1552435386181615616
1552435384763949056
1552435383887343616
1552435383044030466
1552435382931062785
1552435382507417600
1552435381869899776
1552435381278474240
1552435372441083904
1552435371803394048
1552435369240584192
1552435367915454464
1552435364790693888
1552435363347861504
1552435362999713792
1552435358734110721
1552435357341597696
1552435353163907072
1552435350223863810
1552435348923469833
1552435346436407297
1552435346138607616
1552435345081647105
1552435344267771912
1552435343563292672
1552435341692669958
1552435341659078656
1552435340627312641
1552435340287553536
1552435339452719104
1552435336600555528
1552435335560593408
1552435334348423168
1552435333090127873
1552435330976219136
1552435328019218433
1552435326463143938
1552435324714119169
1552435322058903554
1552435321077465091
1552435320536580096
1552435319089557505
1552435311866970113
1552435307756552193
1552435305923641344
1552435305734864896
1552435305445466112
1552435303306379266
1552435302261821440
1552435301154684929
1552435298742816769
1552435297237041152
1552435296603877376
1552435295270096896
1552435293541859329
1552435288911519744
1552435286403338240
1552435285979721729
1552435284847247360
1552435279281405952
1552435278861987840
1552435276316016640
1552435263473065984
1552435260956495874
1552435254644068352
1552435253780033536
1552435247123513344
1552435246553251840
1552435245307547649
1552435242845487104
1552435242656755712
1552435241318551552
1552435241050341376
1552435237694709760
1552435237006688256
1552435236889313281
1552435236805517313
1552435235840720896
1552435234230403072
1552435231038513152
1552435228882632705
1552435225674027008
1552435225602686976
1552435225535594496
1552435219709542407
1552435217578823683
1552435217369300994
1552435215213416450
1552435214500401152
1552435213573439488
1552435212394668033
1552435209810968578
1552435209018417157
1552435208607399936
1552435206787039232
1552435199962943488
1552435199719673856
1552435198318772225
1552435197307928576
1552435196250701829
1552435194262687746
1552435192639668224
1552435187191283712
1552435186427723779
1552435185375137792
1552435183919693824
1552435181545480194
1552435180451004417
1552435179905507329
1552435170464387072
1552435170401488896
1552435169633656832
1552435167901491201
1552435161090129920
1552435160444182528
1552435159458250754
1552435159311720449
1552435157562540034
1552435157168267266
1552435156807712768
1552435156522262536
1552435154857377793
1552435146615570432
1552435142421278722
1552435141728997376
1552435140949061632
1552435140017758210
1552435137807368195
1552435137732030465
1552435135882342400
1552435135294935040
1552435135253200896
1552435126335832064
1552435125677588482
1552435121101348864
1552435114311053314
1552435111995768832
1552435109655384064
1552435108237529088
1552435105792413696
1552435104366346240
1552435101946232833
1552435101199667201
1552435100985733120
1552435100549529600
1552435100004007936
1552435099706474497
1552435098490122240
1552435094345883649
1552435093649645570
1552435092626325505
1552435091892498432
1552435090709688320
1552435090076356608
1552435089883238402
1552435088792887298
1552435086397693954
1552435084699074560
1552435075211468803
1552435071529136128
1552435071273304064
1552435071181008896
1552435066764025856
1552435065749213187
1552435063157047297
1552435061777399809
1552435061416402944
1552435061135650816
1552435059398959104
1552435058698588160
1552435057616629762
1552435055955705856
1552435055200538635
1552435051430047744
1552435051421474819
1552435050746204162
1552435049542598657
1552435049278177280
1552435047692738564
1552435044240994305
1552435043578318849
1552435040495505410
1552435038159273985
1552435036649308160
1552435035089039361
1552435034623455232
1552435031448363008
1552435030831824896
1552435028352712707
1552435028050989056
1552435025232236552
1552435025026887682
1552435024535977984
1552435024322265088
1552435023344721921
1552435023131066368
1552435022258667521
1552435021080035330
1552435020853280774
1552435017338716160
1552435017212903424
1552435017082884096
1552435016931889152
1552435016877371392
1552435016071872512
1552435013605822464
1552435009386078208
1552435009365090306
1552435008031555584
1552435008022904837
1552435006345474048
1552435005573726208
1552435003400720384
1552435000385093632
1552434999798157312
1552434998711832576
1552434998363713536
1552434997759717377
1552434996241113089
1552434995465457665
1552434995012243456
1552434992512643072
1552434992344891392
1552434991799361539
1552434991363244032
1552434990675361792
1552434989148807169
1552434986195746816
1552434983146442752
1552434979694845952
1552434979657125888
1552434976574111744
1552434976091942913
1552434974569250818
1552434973432479746
1552434972815925249
1552434970328764419
1552434968831590400
1552434966818324480
1552434960111652865
1552434959339880449
1552434956068085760
1552434954243801089
1552434952549138434
1552434951895003137
1552434951286571009
1552434949562765312
1552434948954783744
1552434945301544961
1552434943158063104
1552434943107768326
1552434941115392001
1552434939391791104
1552434938871431169
1552434937646940162
1552434934954233856
1552434934450900993
1552434927110594560
1552434923474407425
1552434922673303552
1552434918755631104
1552434918365724672
1552434917556076545
1552434917363130368
1552434916968865793
1552434916960661505
1552434914317983751
1552434914213171204
1552434914171277313
1552434913349193728
1552434912082685952
1552434911205900290
1552434910992146432
1552434910719315969
1552434910098595845
1552434907544227840
1552434905380003840
1552434905048662018
1552434903773741058
1552434893132537856
1552434891748683777
1552434891669016576
1552434891605827585
1552434890381365248
1552434890184196096
1552434890041622528
1552434889127251968
1552434889114394624
1552434888824987649
1552434884102209537
1552434883909545984
1552434882915274759
1552434877861171203
1552434877303341056
1552434871808794626
1552434870999465984
1552434870441644033
1552434866180210688
1552434864850440195
1552434863537790977
1552434861457416192
1552434855392198656
1552434855287599104
1552434854469730304
1552434854348083201
1552434854301777922
1552434851726274560
1552434850665484288
1552434849390235648
1552434846974320642
1552434844701020161
1552434842612408320
1552434841421217792
1552434837067530240
1552434835964465153
1552434835679232000
1552434831547854848
1552434830142480385
1552434829249110026
1552434829031096321
1552434828565676032
1552434823033135105
1552434819887697921
1552434818905956354
1552434817505329153
1552434816255401984
1552434814837731329
1552434812304113664
1552434811239038976
1552434810869760002
1552434810639237120
1552434809397735424
1552434809171226625
1552434809129279488
1552434806306250752
1552434805769666560
1552434804951773185
1552434803454124032
1552434802556559362
1552434799146663941
1552434796785434626
1552434792796672000
1552434791953608704
1552434786534555648
1552434785649586177
1552434784139624449
1552434783707402246
1552434782906503168
1552434779538210816
1552434778460282880
1552434778007273473
1552434776547917824
1552434775826518017
1552434774085861376
1552434773028925442
1552434772638834688
1552434770323378179
1552434767484039168
1552434766875615235
1552434762765242368
1552434760181497857
1552434759481135104
1552434756507561984
1552434755605594112
1552434754397650944
1552434753835798528
1552434752808165376
1552434750803288065
1552434749037334528
1552434748295086080
1552434748127076352
1552434745879166976
1552434744763199488
1552434740925722624
1552434739449331712
1552434739285561344
1552434737649958913
1552434736395689985
1552434736110379009
1552434734680227841
1552434733568921600
1552434732872482825
1552434732675510272
1552434732503367682
1552434732235132929
1552434725159305217
1552434722441396224
1552434721795510272
1552434719912230914
1552434719039623181
1552434718938914823
1552434715885436931
1552434715646341120
1552434714392371207
1552434705768800256
1552434702958690310
1552434702912557057
1552434699301453824
1552434697820667909
1552434696570949632
1552434696465911814
1552434691667525632
1552434690153496576
1552434689914601472
1552434689503526912
1552434689100730372
1552434687054053378
1552434686496227329
1552434686252572672
1552434684583616513
1552434683266453508
1552434682217775104
1552434681555320832
1552434681169453056
1552434677314596864
1552434677042278400
1552434673388818432
1552434673103642626
1552434672877318144
1552434672445100032
1552434669337153536
1552434668426985475
1552434668410372096
1552434666799771648
1552434665407086593
1552434659275034624
1552434658713174016
1552434655013785601
1552434654141378560
1552434653910695936
1552434653193457664
1552434651385704449
1552434650878197760
1552434650106429440
1552434648273539072
1552434648122331136
1552434647371436032
1552434647128281090
1552434646503538688
1552434643370233856
1552434643319808001
1552434642900451328
1552434641776349184
1552434632041574400
1552434630451957762
1552434629382406144
1552434627201335296
1552434626890809346
1552434625116397568
1552434621933129734
1552434620901236741
1552434620834127876
1552434619491966977
1552434614635008003
1552434614077095937
1552434612609372160
1552434612579844097
1552434610654834688
1552434606892371968
1552434606703788033
1552434605969620992
1552434605474852864
1552434602517864448
1552434596620509184
1552434594649341953
1552434589804957697
1552434589150629888
1552434587007164417
1552434586231111680
1552434583907586051
1552434581735112704
1552434581596696576
1552434581143437312
1552434579616964609
1552434574982107137
1552434572708958208
1552434568317263874
1552434561765736448
1552434560373346311
1552434560029319170
1552434557869502464
1552434557537886208
1552434556464406529
1552434555193556992
1552434554769735682
1552434552983138304
1552434550478757888
1552434549111414785
1552434545030762496
1552434544376426496
1552434543931830272
1552434542685945856
1552434539494096896
1552434537451634689
1552434536960622592
1552434529629274112
1552434528362405888
1552434523086163968
1552434521102249985
1552434519382401029
1552434515544608768
1552434509593051136
1552434509403959296
1552434509001510913
1552434508833738752
1552434507206529024
1552434506782482433
1552434505080012800
1552434504748376070
1552434504719298560
1552434504689762305
1552434504606052352
1552434504576671749
1552434504148852737
1552434499883249665
1552434494149476352
1552434493562159104
1552434491880538112
1552434489623990273
1552434483814879232
1552434483596562432
1552434483340922882
1552434478446161920
1552434474226696192
1552434471399727105
1552434470011150336
1552434469595922432
1552434468404998144
1552434467364814848
1552434466479800322
1552434466387546112
1552434464865009664
1552434463661244416
1552434462952042496
1552434462499151875
1552434458107809793
1552434457512390656
1552434456241537024
1552434455922769920
1552434454899355648
1552434453804613632
1552434453246787584
1552434452709646341
1552434451715657730
1552434449811480580
1552434446754021377
1552434444728168448
1552434443973165058
1552434442878488577
1552434439187472384
1552434438512189440
1552434435588759552
1552434435554942976
1552434434355654656
1552434433776558080
1552434432765992960
1552434427502145536
1552434427225317377
1552434426222882816
1552434424473653250
1552434424398356480
1552434421390778369
1552434419948208128
1552434418538913793
1552434415829241856
1552434411635113985
1552434411458936832
1552434411228078083
1552434410712190977
1552434410263396352
1552434407046258689
1552434406626926594
1552434406383845376
1552434403988627463
1552434403980238850
1552434401023336450
1552434398049570816
1552434397865193473
1552434397357432832
1552434396963168256
1552434396849999876
1552434395918831616
1552434395264749568
1552434392861138944
1552434391296663553
1552434391225614336
1552434390956998657
1552434387354263552
1552434386079186944
1552434380345327616
1552434379561078784
1552434375832518657
1552434373714186245
1552434372493676545
1552434371826950144
1552434371420102656
1552434371382358016
1552434367070437379
1552434366156079104
1552434365052887040
1552434364474327041
1552434363367059457
1552434360829497344
1552434360518950914
1552434360254869504
1552434357717331969
1552434353934049280
1552434353451536387
1552434352692547584
1552434343397957633
1552434334862303232
1552434333918822400
1552434332387708929
1552434329946853376
1552434329430773760
1552434329372196864
1552434324267741185
1552434324230000643
1552434324188037120
1552434322493571073
1552434320421572608
1552434319142326272
1552434318957752320
1552434318488010752
1552434318269874177
1552434316806098944
1552434316378263552
1552434315736350722
1552434315245817856
1552434314683777024
1552434314104676352
1552434312565374976
1552434308279074817
1552434306152374273
1552434298740940800
1552434298615205889
1552434296572575744
1552434296153063425
1552434294576271360
1552434293439627264
1552434290390192129
1552436989374644225
1552436988145704960
1552436987768246273
1552436987604660224
1552436987222794241
1552436983988776960
1552436983242563584
1552436977836134400
1552436975856140293
1552436975667675136
1552436974749089797
1552436973922820096
1552436973734068224
1552436968256344064
1552436966796718080
1552436961813884929
1552436959838367746
1552436958424875014
1552436956654870528
1552436955023290371
1552436953878269952
1552436952594788352
1552436952267653120
1552436952137596928
1552436951143575557
1552436949717483521
1552436949126115328
1552436947658117120
1552436945162502145
1552436944277508096
1552436938048765953
1552436934475403264
1552436930377568256
1552436928540471296
1552436926124531713
1552436925642178560
1552436924312616960
1552436923951874049
1552436923590909953
1552436917471694848
1552436915336785920
1552436910949552128
1552436908625920000
1552436908537569286
1552436904372899840
1552436904343339008
1552436898794467328
1552436897783627777
1552436896621801472
1552436895900205058
1552436895195758592
1552436890837864448
1552436888124141568
1552436888048631808
1552436887507582977
1552436887163633668
1552436886245081089
1552436884953251842
1552436884730953728
1552436883237797888
1552436881547460608
1552436881002201088
1552436879228018689
1552436875939704832
1552436875650023424
1552436874954051584
1552436874916282368
1552436870684221440
1552436869534711811
1552436866863222784
1552436865504256000
1552436861033119744
1552436856327139329
1552436855492476928
1552436854078976000
1552436853756014592
1552436853407891456
1552436852447379457
1552436852380291072
1552436848227766277
1552436847934324737
1552436846352908294
1552436845711347712
1552436841475080192
1552436840539787264
1552436837205024768
1552436836622286848
1552436836009918466
1552436834797748224
1552436831555563520
1552436830318243840
1552436829273866240
1552436829072543748
1552436823732936705
1552436823359901696
1552436821707333633
1552436821560532994
1552436821015265280
1552436820298059776
1552436819459194880
1552436818968477696
1552436817752129537
1552436817747656709
1552436815042412545
1552436812580556800
1552436811859107840
1552436811703922688
1552436810135252992
1552436809422245888
1552436800525897730
1552436797938233344
1552436797543976961
1552436796059156480
1552436794205294592
1552436793412550656
1552436791860420609
1552436787406344194
1552436786756202497
1552436785300787201
1552436782796779521
1552436781861453824
1552436779243945984
1552436777130283008
1552436775536427009
1552436774605320194
1552436773577707520
1552436773032448000
1552436770108751873
1552436767860883456
1552436764492861440
1552436763142270978
1552436761892392960
1552436761577627649
1552436761472679936
1552436761208717312
1552436760172691458
1552436759757484033
1552436759350607872
1552436758859911168
1552436756665999362
1552436755890323456
1552436754820505601
1552436750660046848
1552436750098001920
1552436749368193024
1552436748294443008
1552436747648536578
1552436747396878337
1552436747216506880
1552436739687567360
1552436739226370049
1552436738685308928
1552436736260726786
1552436736134942721
1552436731315888130
1552436728262447105
1552436728233103362
1552436727163539456
1552436724428849152
1552436723854221312
1552436717738934277
1552436716526780416
1552436714840686592
1552436710973542400
1552436710885179395
1552436710193381376
1552436708712812545
1552436708423389185
1552436706116538368
1552436706099736576
1552436703989829633
1552436703746719744
1552436702983356416
1552436701603467264
1552436700357754880
1552436699904749569
1552436699841835009
1552436699623739392
1552436699569205249
1552436699485151234
1552436695920168962
1552436695609790464
1552436694288601088
1552436691994312704
1552436689775521793
1552436689569988609
1552436688110387200
1552436686315220992
1552436685908201479
1552436682720411649
1552436681969639427
1552436678656425987
1552436678396358656
1552436678002081793
1552436676991283200
1552436676311797760
1552436676290646017
1552436674525032449
1552436672498806784
1552436671546785793
1552436671295422464
1552436666572349442
1552436666295631873
1552436665968652288
1552436664668405761
1552436661996634112
1552436661472075776
1552436661140992000
1552436659584925698
1552436653746450432
1552436650214854656
1552436649568911364
1552436649161785344
1552436646926327809
1552436643394908160
1552436641041911808
1552436640488247296
1552436637912952833
1552436636231041024
1552436635769651200
1552436635601883136
1552436633022386177
1552436633013714944
1552436632464539650
1552436629268480001
1552436628102479872
1552436624356970496
1552436620624031744
1552436618828857344
1552436618799501312
1552436617436340224
1552436617344069632
1552436615939002368
1552436615423066112
1552436614546468866
1552436613485305857
1552436612076048384
1552436611270737925
1552436609785921536
1552436607722340354
1552436606765862912
1552436602223620096
1552436599941906432
1552436597685354496
1552436597186248704
1552436596980547585
1552436594720014336
1552436593763713024
1552436590437613568
1552436586100707329
1552436584485625858
1552436579016507392
1552436576411652097
1552436575631740928
1552436574763520000
1552436572267900929
1552436571307405313
1552436570988617728
1552436569042481153
1552436566639128577
1552436560100032513
1552436559881936896
1552436556635738112
1552436554341449729
1552436553481601024
1552436549870297088
1552436549794799617
1552436548733632512
1552436546091237376
1552436545088819201
1552436543486394368
1552436542924361738
1552436538944126976
1552436538042384384
1552436532291981312
1552436531650269184
1552436529653764096
1552436529364180998
1552436528483561473
1552436528135159809
1552436526709096450
1552436525987938304
1552436522389049353
1552436522292756482
1552436521823014912
1552436521458106369
1552436517150158848
1552436516227788801
1552436515883880448
1552436513694433280
1552436513006567426
1552436512838815744
1552436507251986432
1552436503372247041
1552436503292399616
1552436500406870016
1552436498175520768
1552436497684758529
1552436496279678976
1552436495403073541
1552436489555849217
1552436488574566400
1552436485408067584
1552436481515749377
1552436479124992000
1552436473898860544
1552436473550479362
1552436472854495232
1552436470430203904
1552436469251571713
1552436468685094912
1552436468169469952
1552436468165259264
1552436467720683520
1552436465765867522
1552436465728368640
1552436463895207936
1552436463564107776
1552436463215988736
1552436462461014017
1552436462435663872
1552436462414884865
1552436460963627008
1552436460883935232
1552436458866487296
1552436458161852416
1552436456919994368
1552436456584794112
1552436456102117376
1552436455137751040
1552436454500225024
1552436454256967680
1552436452935581696
1552436452898000898
1552436452021387264
1552436450356240386
1552436447499911168
1552436445885116416
1552436445574762497
1552436444828176384
1552436444685541376
1552436444031057920
1552436443720871937
1552436441145573376
1552436440164093952
1552436436598915072
1552436434694545416
1552436433482182656
1552436431381237761
1552436429678329856
1552436427937705984
1552436427384045568
1552436426801029121
1552436425769234432
1552436422803849217
1552436421729951744
1552436420932841472
1552436420098543616
1552436419586826240
1552436419528126464
1552436419146170369
1552436419100307456
1552436418559057920
1552436415979737089
1552436414855680000
1552436412620079104
1552436410459869184
1552436409356673024
1552436405678534656
1552436404268965889
1552436401983344640
1552436401454850048
1552436400020246529
1552436396610428928
1552436392348753921
1552436388163129349
1552436386355380225
1552436385852067840
1552436383691997185
1552436383037399040
1552436382530142208
1552436376213520385
1552436375953473538
1552436373562732546
1552436371763392512
1552436369754300417
1552436369326493696
1552436367803797506
1552436364393984000
1552436363743854592
1552436363676753920
1552436360514260994
1552436360073859072
1552436360031748097
1552436355141349376
1552436354386391040
1552436354210054144
1552436351408214022
1552436350330499073
1552436349151907843
1552436348921192450
1552436348807950336
1552436346689814529
1552436342084497408
1552436340909920257
1552436340440154113
1552436339597266944
1552436339572080641
1552436336367632384
1552436335549374466
1552436333188366336
1552436331393220608
1552436331112181761
1552436329669341184
1552436326515064833
1552436325961572355
1552436321217552384
1552436319032582144
1552436318919356418
1552436314813112320
1552436312598548482
1552436312544006144
1552436312531431425
1552436312338309120
1552436310379761664
1552436308983050240
1552436302049845248
1552436298514046978
1552436297691701250
1552436297427451904
1552436296806957057
1552436295016017921
1552436294349123584
1552436292864167937
1552436290981068800
1552436289324335104
1552436288049258496
1552436286048579584
1552436283863351298
1552436282671960066
1552436280700858370
1552436280629334016
1552436279916232705
1552436277928239104
1552436277743702017
1552436277236363265
1552436276162600960
1552436271532097536
1552436271443841024
1552436270240092165
1552436270206488580
1552436266515439617
1552436265811050497
1552436265660063745
1552436265622319104
1552436263311257600
1552436260345880576
1552436260303736833
1552436258483453952
1552436255371440128
1552436254742302721
1552436254205427713
1552436253890875392
1552436253768941570
1552436252091490305
1552436251500085248
1552436249230974976
1552436248694104064
1552436247884632064
1552436246630498305
1552436245598552069
1552436241978851329
1552436241853038598
1552436241433755648
1552436236970872832
1552436235784060929
1552436235742117888
1552436234848550915
1552436231803650048
1552436230557941760
1552436230264344576
1552436230222389248
1552436228301422592
1552436227823267840
1552436223603781633
1552436223058350081
1552436220957196288
1552436220952805377
1552436219577245697
1552436218344124417
1552436217559805952
1552436215332364290
1552436214430580742
1552436211406573568
1552436210903416833
1552436210102312960
1552436209296838658
1552436207669645312
1552436207266983938
1552436205329215488
1552436204985106432
1552436204557189122
1552436202669850624
1552436201470443523
1552436201327853568
1552436200379916288
1552436196915449857
1552436195560685568
1552436195418062848
1552436195287777280
1552436193111199744
1552436192494653441
1552436192003727362
1552436191571898369
1552436190619783170
1552436190414049281
1552436189290008577
1552436188744941569
1552436188627222530
1552436188258369537
1552436186949492736
1552436184843952130
1552436184814686215
1552436183199776769
1552436181954351104
1552436181484580864
1552436180670885888
1552436180066746370
1552436179810795522
1552436176405106695
1552436174358286337
1552436172978360321
1552436172273684483
1552436171447406593
1552436170969075712
1552436170654593024
1552436170591797248
1552436170209914880
1552436170075901957
1552436170054782978
1552436169987674113
1552436169907965952
1552436169761120256
1552436169740206080
1552436169731756033
1552436169413197824
1552436169409024001
1552436169048473600
1552436168985378818
1552436168905482241
1552436168880316416
1552436165864673280
1552436163910172672
1552436163318652928
1552436162383454210
1552436161133641731
1552436159997177856
1552436159804231683
1552436159242207232
1552436158143275010
1552436157593833472
1552436155798671365
1552436155114995713
1552436152254472193
1552436149729501185
1552436145858150401
1552436145421979648
1552436145006739456
1552436136789917698
1552436134453850112
1552436132431937536
1552436131333111818
1552436130141929472
1552436127595913216
1552436121837400064
1552436121686388737
1552436121270984707
1552436120843341824
1552436117533769728
1552436115814187009
1552436115747250176
1552436115239747585
1552436112639275008
1552436108914733058
1552436107849375745
1552436107643883521
1552436107539021825
1552436104456212481
1552436103227256832
1552436101268242438
1552436101117255680
1552436101062823939
1552436100807159808
1552436097514639360
1552436097329860609
1552436096390557697
1552436096365056001
1552436096285679616
1552436096256339968
1552436094792531969
1552436090082312192
1552436088064692229
1552436084633739271
1552436083576942594
1552436082159255552
1552436081190387713
1552436080213098498
1552436077679738880
1552436077319045120
1552436076312231937
1552436070620745728
1552436068783628289
1552436066854248449
1552436064752902145
1552436063775248384
1552436061267283971
1552436060915105793
1552436058641829888
1552436056867356672
1552436053356998656
1552436053226979328
1552436051951714304
1552436050311749638
1552436049682616320
1552436048734875649
1552436047707258880
1552436045257777152
1552436042216927234
1552436039956205569
1552436036911124480
1552436035639992320
1552436032599113731
1552436031131160576
1552436029680140288
1552436027427819526
1552436016920739841
1552436014488367105
1552436014052175873
1552436013645328384
1552436013251063809
1552436006640648193
1552436004723625984
1552436004598206464
1552435999439228928
1552435996683563008
1552435991415500800
1552435990438232064
1552435989653897216
1552435989469347842
1552435988752105472
1552435986583678976
1552435986390720512
1552435985971019778
1552435985694203904
1552435982305468416
1552435981886050305
1552435980594184192
1552435979637899264
1552435979482701825
1552435978761109510
1552435976429248512
1552435975028342784
1552435974809890816
1552435972415299584
1552435969764519936
1552435968627843072
1552435966614577152
1552435965041459201
1552435964047663105
1552435963879723008
1552435963011694592
1552435962814541824
1552435962474807301
1552435962458034176
1552435960906129409
1552435958116937728
1552435957495992320
1552435953892990978
1552435953092145152
1552435952429453312
1552435950651084801
1552435945961652224
1552435942237302784
1552435942069514240
1552435937233477632
1552435937027788801
1552435936830562305
1552435934561505281
1552435931621511168
1552435930572926976
1552435929130074112
1552435928651939840
1552435927624335361
1552435927586586624
1552435927259443202
1552435925111943168
1552435923316789250
1552435921978818563
1552435918413639681
1552435916148731904
1552435914521350144
1552435909202968576
1552435906631667712
1552435906388295681
1552435905331613697
1552435905176436737
1552435904907968512
1552435902122983426
1552435896884293632
1552435896792002560
1552435896708141056
1552435893755314177
1552435883257004032
1552435883236028416
1552435882178789377
1552435879968665600
1552435877963767808
1552435876495761408
1552435875631755264
1552435873983102976
1552435872544731137
1552435871315787776
1552435870942527493
1552435869965254656
1552435869302378496
1552435867784040448
1552435866802569216
1552435865472860161
1552435860586758144
1552435853007679488
1552435850117468160
1552435849731932161
1552435848599465984
1552435846825259010
1552435845957025792
1552435845705400323
1552435845512445957
1552435845004926976
1552435843893444608
1552435842119258113
1552435841263616000
1552435841112616960
1552435841003569154
1552435837962702850
1552435837207724033
1552435835332890624
1552435834238140417
1552435830882705408
1552435829234348033
1552435828366114816
1552435827401457664
1552435827048960000
1552435824880402433
1552435824452841472
1552435824024764417
1552435823475593216
1552435820791214080
1552435818421432320
1552435818400477184
1552435818362707969
1552435818328985600
1552435817683066880
1552435817569976321
1552435815875489792
1552435815422521344
1552435811869937665
1552435810389348354
1552435810200604672
1552435806920269824
1552435803707817984
1552435799635140608
1552435797567352832
1552435791472852994
1552435791326228482
1552435787953836032
1552435787538796544
1552435777363116033
1552435777250148353
1552435776725872641
1552435775408832513
1552435774968442880
1552435773945032705
1552435773525590016
1552435772619366403
1552435771420061697
1552435770920935424
1552435770891374593
1552435770543468544
1552435767997530112
1552435757545136145
1552435757314412550
1552435755808862208
1552435754529619969
1552435754261159937
1552435751862046721
1552435750343708674
1552435748628213760
1552435744668516353
1552435744257765376
1552435740126355457
1552435738738044930
1552435738268033024
1552435737983066112
1552435735588122624
1552435731729387522
1552435730408173569
1552435730349264897
1552435728910630913
1552435727296004098
1552435725052055552
1552435724758446080
1552435724737191942
1552435724687122433
1552435724502421506
1552435723412058112
1552435722426236930
1552435720895500288
1552435720819617792
1552435719498760192
1552435718248714242
1552435717892378624
1552435717468745728
1552435715950407681
1552435706319974401
1552435703669456896
1552435702931279873
1552435702708981762
1552435702012723203
1552435699105685504
1552435697738518528
1552435697423826944
1552435697356705792
1552435696891113472
1552435696878510080
1552435696094552066
1552435693309558785
1552435693154054144
1552435691677949952
1552435690981695488
1552435690893299717
1552435687148093440
1552435686783045635
1552435686531567618
1552435686284079104
1552435686128566272
1552435683842658304
1552435680722432001
1552435680542072832
1552435680416243712
1552435677945823233
1552435673524830208
1552435672723918848
1552435672224788480
1552435671620788224
1552435671213940739
1552435669120626691
1552435665664606210
1552435664591142912
1552435663861346305
1552435660237471744
1552435658836578305
1552435658765250561
1552435658048024576
1552435657808936960
1552435657498574848
1552435656651325441
1552435656634531840
1552435656227684352
1552435654109577216
1552435651550728192
1552435649487450112
1552435645314142208
1552435645116690432
1552435644903092227
1552435643191623682
1552435639450320902
1552435639081406464
1552435638196387841
1552435637609201665
1552435633997508608
1552435632903196673
1552435632441643009
1552435631988801536
1552435631531655168
1552435626792071169
1552435625353252864
1552435623646347264
1552435623184986112
1552435622874435584
1552435622841032704
1552435621951668225
1552435617371672576
1552435615148388352
1552435612032303105
1552435611138928640
1552435609649971200
1552435609180020737
1552435607628304384
1552435606953029633
1552435606013505536
1552435602238603265
1552435600900648960
1552435599843508225
1552435599663316992
1552435599105458176
1552435597595508736
1552435593480736768
1552435590746218496
1552435590284873729
1552435587507970049
1552435586216394752
1552435578326622208
1552435576032624642
1552435574849798145
1552435564233871362
1552435564078833664
1552435563722072069
1552435563541983234
1552435562832855042
1552435562178822145
1552435561792684038
1552435561171910656
1552435560731783168
1552435559456722944
1552435557833359368
1552435554750701568
1552435553047834625
1552435553022648320
1552435551735005184
1552435549742710786
1552435548349923328
1552435547255508992
1552435544583720960
1552435541521612805
1552435539835781123
1552435539529416704
1552435537696690177
1552435537184980993
1552435535373017090
1552435535356239872
1552435534026665984
1552435533833732096
1552435532688330752
1552435532587798529
1552435531438788608
1552435529421307904
1552435529329016833
1552435528267890688
1552435526564986881
1552435525998477313
1552435522446200833
1552435520705384448
1552435520370012160
1552435514833534977
1552435512438591488
1552435511708782592
1552435510614052864
1552435509657767936
1552435509540306944
1552435506314878976
1552435504943333376
1552435504335179776
1552435502699216896
1552435502686826497
1552435499335585792
1552435497494261761
1552435494726025216
1552435493358678016
1552435492096196608
1552435488656883712
1552435488375848960
1552435486349991936
1552435486110924800
1552435485938962432
1552435485439840256
1552435484223488001
1552435483502067712
1552435482386128896
1552435481522360320
1552435480255672320
1552435480066916352
1552435479098064896
1552435476715704320
1552435476573077505
1552435473758695424
1552435473054072833
1552435472492040192
1552435470810116097
1552435469576978432
1552435468989775872
1552435465001005056
1552435462379290628
1552435461225955328
1552435460970262530
1552435459464503296
1552435458919247872
1552435457962946561
1552435452006760449
1552435451344334849
1552435449624666113
1552441304508174336
1552441302129995776
1552441299202371585
1552441297184915456
1552441295893045248
1552441290679545857
1552441286929485824
1552441283981230080
1552441282920087554
1552441282483884033
1552441278989991939
1552441277601439745
1552441276146110464
1552441274875387904
1552441274195939330
1552441272878919681
1552441272530776064
1552441272069406720
1552441271641579520
1552441270173401088
1552441269536030720
1552441267761602560
1552441265777934337
1552441264150552576
1552441260715409408
1552441258827988992
1552441258760863744
1552441257301282821
1552441255929724929
1552441255548055552
1552441255426420738
1552441252796600320
1552441251882213376
1552441250883973121
1552441245620142080
1552441243988541440
1552441242688319488
1552441242042396672
1552441240574369792
1552441239353839616
1552441239345283083
1552441238078771200
1552441236304322560
1552441236132450304
1552441234886885376
1552441234136104960
1552441231023677448
1552441230285746176
1552441230008946688
1552441229874724864
1552441228167626752
1552441227496538114
1552441225948835842
1552441223788785665
1552441221418987520
1552441219535495168
1552441216134168576
1552441215588913154
1552441214015881218
1552441213705670657
1552441211667218433
1552441210417336321
1552441209951768576
1552441209557504000
1552441207867023361
1552441207120613377
1552441204784365568
1552441204474019845
1552441204306243584
1552441204301766656
1552441202317967361
1552441202246422529
1552441202200391680
1552441200283897857
1552441197977022465
1552441192847405056
1552441190515372033
1552441189429047298
1552441186232971265
1552441183292780546
1552441183078699008
1552441182961414144
1552441181853859840
1552441179538862081
1552441178754527233
1552441172857335808
1552441170646933507
1552441168675610625
1552441164749762560
1552441164590358528
1552441160630767618
1552441160324780032
1552441160324759552
1552441159309742080
1552441158768693248
1552441153802629120
1552441153760419840
1552441153123160065
1552441152334602240
1552441138434670592
1552441136609886209
1552441135167324161
1552441134907277312
1552441133799981057
1552441132143214592
1552441132013211649
1552441131534893056
1552441129794416641
1552441124819570688
1552441123054190592
1552441119266713600
1552441118817931264
1552441117119225856
1552441115403755520
1552441115357622274
1552441114330005506
1552441110382972928
1552441110165069824
1552441109368176640
1552441109166825472
1552441107631710208
1552441106763517952
1552441105207402496
1552441103089303552
1552441102976040962
1552441102623731712
1552441098823663616
1552441097045299200
1552441095619235840
1552441093341736960
1552441093236867072
1552441089868832771
1552441083996536832
1552441083757731840
1552441082528808963
1552441081467650048
1552441080662355968
1552441075725393924
1552441073485635589
1552441071439065089
1552441071363567623
1552441061779570688
1552441060777152512
1552441057832738816
1552441057824358401
1552441056242941953
1552441054666043392
1552441054271795200
1552441050534678529
1552441050446589952
1552441049070866433
1552441048231981057
1552441046445195264
1552441044595539969
1552441042536140800
1552441041172975616
1552441040355094528
1552441040241836032
1552441039184855040
1552441037406486529
1552441036311764994
1552441032935354368
1552441028069949440
1552441025234599939
1552441022768365568
1552441021652692992
1552441020159512577
1552441019358400512
1552441018540498945
1552441016107814913
1552441010785230848
1552441008033759234
1552441005911457792
1552440999829716992
1552440999481573376
1552440997594144770
1552440995585077248
1552440993282404353
1552440992896528385
1552440992741343232
1552440991801802753
1552440988555448321
1552440985007030274
1552440984302403586
1552440979890008064
1552440976823787525
1552440974714241024
1552440969811087360
1552440967357407233
1552440966153654272
1552440964308172800
1552440964006162432
1552440962945019904
1552440962563338240
1552440958381596674
1552440956238327808
1552440954627698688
1552440952459239424
1552440948335947776
1552440947342217217
1552440946393944064
1552440944318107648
1552440943424700416
1552440943412133888
1552440942137085953
1552440940421607424
1552440939591127040
1552440936114044930
1552440932192391169
1552440932125245440
1552440931907141632
1552440931898769409
1552440926496518144
1552440925301149696
1552440922465775617
1552440921278812160
1552440920477700096
1552440920079241217
1552440919903051776
1552440918527156225
1552440918065938432
1552440916774121473
1552440910587494400
1552440908456824832
1552440903440433152
1552440902593171456
1552440900089167873
1552440899858481158
1552440895307677697
1552440892065464320
1552440887757930496
1552440886352826369
1552440879738408960
1552440878719188992
1552440876026462208
1552440875569270785
1552440875518939136
1552440874264842242
1552440870204772353
1552440867788816384
1552440867432337408
1552440864898703360
1552440864840077317
1552440863682625536
1552440861019217920
1552440857990938624
1552440857378570240
1552440855474360321
1552440854790701056
1552440853175894016
1552440848553746433
1552440844757893120
1552440842681466882
1552440839686979584
1552440836675489797
1552440836138627072
1552440835719176193
1552440835345883136
1552440834079227904
1552440832787189760
1552440825791287296
1552440821500088322
1552440821374681091
1552440820649046016
1552440820099317761
1552440818442862593
1552440812684058626
1552440810263572480
1552440810175885314
1552440808502341634
1552440808275869696
1552440806031622144
1552440803414650882
1552440802739384320
1552440800533164032
1552440795969503232
1552440795755868160
1552440795164463104
1552440792094248960
1552440791075012608
1552440786821992448
1552440786129932288
1552440784645165056
1552440784149938176
1552440783865004032
1552440781507821568
1552440780643770368
1552440778462752769
1552440776118120449
1552440774989860864
1552440772464877568
1552440771575676928
1552440769956683778
1552440769461780480
1552440765678518278
1552440762222391297
1552440761786191872
1552440761312243713
1552440760687284225
1552440759076683776
1552440757382152193
1552440754899124229
1552440745348730881
1552440744337887232
1552440737144647682
1552440734028283905
1552440730605735936
1552440728986714112
1552440727699091456
1552440726327156736
1552440724993757184
1552440724062633985
1552440724041650177
1552440722284232704
1552440716030537730
1552440715267166208
1552440713409085441
1552440711626235906
1552440710733131776
1552440709416112128
1552440709290270720
1552440708187168768
1552440707268620289
1552440706114981889
1552440705876111360
1552440705569943553
1552440705381183490
1552440701480480769
1552440700196868097
1552440699588857858
1552440693058338817
1552440692622098434
1552440692513075200
1552440688411054081
1552440685080768512
1552440682450927616
1552440680949370880
1552440675681333248
1552440674016178177
1552440673257029632
1552440672288141312
1552440664184729600
1552440664163745792
1552440659432603649
1552440659008966656
1552440655699640321
1552440651434033153
1552440649517273088
1552440647030026240
1552440643632635905
1552440642839932929
1552440640205619200
1552440636762365952
1552440635772514304
1552440634149314561
1552440632345755648
1552440630785490945
1552440628759633920
1552440627740409856
1552440627446824961
1552440624338829312
1552440623776600066
1552440619951202304
1552440616696827904
1552440614125715456
1552440613223940096
1552440611101605888
1552440610275344384
1552440609969156099
1552440609348423680
1552440608186593281
1552440606815047680
1552440604441079808
1552440604118097921
1552440602092269568
1552440601232429056
1552440599621603328
1552440594869686272
1552440594165026816
1552440593493671937
1552440593481342976
1552440592516673536
1552440591526801410
1552440590276894720
1552440589786185729
1552440586485256192
1552440584367112192
1552440576251133952
1552440575580045319
1552440574556635136
1552440573998813185
1552440573877157888
1552440570706284544
1552440569418625025
1552440568843849730
1552440566411304960
1552440565714731008
1552440565333389312
1552440565253521409
1552440564729409537
1552440557498421248
1552440557359988741
1552440557225607170
1552440557208756224
1552440551940964352
1552440550724636672
1552440550573617152
1552440550292623361
1552440549818650625
1552440549533437953
1552440543447502850
1552440541954310144
1552440541153230849
1552440539395784711
1552440534878539776
1552440534001917952
1552440532508749826
1552440532378742784
1552440531942506496
1552440531460001794
1552440531313098752
1552440528549351424
1552440527509127168
1552440522241114112
1552440517232844800
1552440516369068032
1552440514351603712
1552440514028642305
1552440513907032065
1552440510799020035
1552440509737881600
1552440508559298560
1552440507464564738
1552440504511791104
1552440504302055424
1552440502293004288
1552440501508636672
1552440497096241157
1552440494952976384
1552440494135070721
1552440489848508416
1552440489785589760
1552440488401457152
1552440487453532161
1552440486933430273
1552440485050216449
1552440484299436033
1552440483242283008
1552440482986618882
1552440482093219840
1552440481778667520
1552440479350128640
1552440478918127616
1552440477978607616
1552440477516910592
1552440477013929984
1552440475302653953
1552440475256500225
1552440474405056512
1552440473448771585
1552440473339699201
1552440471997526016
1552440471938826240
1552440470810558466
1552440470336569344
1552440469770092545
1552440469153804289
1552440469124444161
1552440468767911936
1552440468759543808
1552440465823531008
1552440465777360897
1552440463256612865
1552440460584833024
1552440454821871617
1552440452556914688
1552440450115866625
1552440447465066496
1552440446429044737
1552440443614666752
1552440442364764160
1552440440884166656
1552440440074682369
1552440432231329793
1552440432097099777
1552440431417638912
1552440430994018305
1552440429617881089
1552440428179640320
1552440424832598016
1552440421162586112
1552440420881559552
1552440419656806401
1552440419635851265
1552440419526799360
1552440419228983298
1552440417849085952
1552440414669803520
1552440414464245761
1552440411872174080
1552440410647465985
1552440408760008704
1552440408227323904
1552440407807913984
1552440403366125569
1552440401113812994
1552440399712911360
1552440398416855041
1552440396881760257
1552440396571365376
1552440395669602304
1552440395212402691
1552440394046390273
1552440392418996224
1552440391986987008
1552440390200233984
1552440390137290752
1552440386794430464
1552440385276116992
1552440382801465344
1552440382755336192
1552440381073424385
1552440380607832064
1552440379139817473
1552440378678480896
1552440378288406528
1552440376048627714
1552440375385948161
1552440374400282625
1552440373364269058
1552440373196521472
1552440372688998400
1552440372269576194
1552440372156309504
1552440368477925376
1552440365873266689
1552440363335688193
1552440361368563712
1552440361070764032
1552440361058201601
1552440360974303232
1552440356217974785
1552440353005117440
1552440350245294080
1552440349603565570
1552440346885648384
1552440345191133184
1552440344146751488
1552440335481335809
1552440334411792385
1552440332968931328
1552440331807105024
1552440330104246272
1552440329554788352
1552440322793574406
1552440322453815296
1552440319010308097
1552440316678078466
1552440316120420352
1552440313599655939
1552440313213784064
1552440311573803008
1552440311418585088
1552440311317954561
1552440310357458945
1552440308520337408
1552440305877925889
1552440305810821120
1552440305060057089
1552440304783204352
1552440304783196162
1552440303457816576
1552440302019162112
1552440301817823232
1552440297011183616
1552440294976946176
1552440291315314688
1552440290832941056
1552440288857456641
1552440288790347776
1552440286298927109
1552440286236000258
1552440285149671424
1552440281634852864
1552440281215434753
1552440277809635328
1552440277381816320
1552440276664582144
1552440275636977664
1552440275133681664
1552440274903003136
1552440273892155392
1552440273162371074
1552440268917719040
1552440265444851713
1552440265423859712
1552440264551464963
1552440262953410561
1552440262559174656
1552440257110757376
1552440257031061504
1552440256766803968
1552440255143624704
1552440253436542976
1552440251947585537
1552440250706051073
1552440247073607680
1552440245257641984
1552440245018595328
1552440244880154625
1552440244863369216
1552440241923174401
1552440241658675201
1552440240455172096
1552440239209480192
1552440238857158657
1552440235367464961
1552440232314044418
1552440231634546688
1552440225997418496
1552440224802013185
1552440216535076865
1552440213225488384
1552440207999471617
1552440207970283521
1552440207840264192
1552440205474693120
1552440205143326721
1552440199451648000
1552440199153872896
1552440195558940673
1552440194795802627
1552440192912740352
1552440190937210880
1552440190312259584
1552440187690823681
1552440184473788416
1552440180656971776
1552440179935551488
1552440179935387648
1552440179830706177
1552440179608416256
1552440179247706112
1552440178803101696
1552440176169070592
1552440174092906496
1552440174067712002
1552440173593772033
1552440173350494209
1552440172192870400
1552440166094348289
1552440165523935232
1552440165138046979
1552440164630536192
1552440164039147522
1552440163942354945
1552440160935362562
1552440160025198592
1552440159765135360
1552440150978105344
1552440150571229184
1552440148931280896
1552440146167230464
1552440145399644161
1552440144695029761
1552440144648896513
1552440142581088257
1552440140144181251
1552440140077092864
1552440138613276674
1552440136117661696
1552440134062477312
1552440133781450752
1552440129872330752
1552440128735682562
1552440125019541504
1552440123987734529
1552440120875266049
1552440120175108097
1552440118275096576
1552440110519824384
1552440109970358274
1552440109068423170
1552440107885817857
1552440107227316225
1552440107130822657
1552440103737458688
1552440102756167680
1552440100256366593
1552440099253927938
1552440096422768640
1552440095755898881
1552440094602448896
1552440094149455873
1552440093939728384
1552440092614344705
1552440090886307843
1552440088822677504
1552440088361332739
1552440088122245121
1552440087333736450
1552440085177847810
1552440084359946241
1552440071546351616
1552440066928439296
1552440064697053185
1552440064407388161
1552440057717731329
1552440057340268544
1552440056413306881
1552440055977119750
1552440052009308160
1552440051648212992
1552440050004410369
1552440049882787841
1552440048800657409
1552440047626256386
1552440040105529346
1552440038201659394
1552440038184857602
1552440038092599297
1552440033516605440
1552440030123405313
1552440028479225856
1552440027971723264
1552440024716681216
1552440020342284289
1552440015841628160
1552440015523033088
1552440009319645184
1552440009264975873
1552440007331553281
1552440006073274369
1552440005448314880
1552440005251207168
1552439999937019904
1552439997105868802
1552439994207580161
1552439993217724418
1552439987488325632
1552439984388702208
1552439984275296262
1552439979791757314
1552439977967239168
1552439977149370368
1552439974628413452
1552439974494355456
1552439969331163136
1552439969108860928
1552439968316145665
1552439968119005184
1552439967154319360
1552439966172839936
1552439965254127621
1552439965061357571
1552439964939751425
1552439961647218688
1552439961487802368
1552439961131294720
1552439960552484865
1552439955431227392
1552439952188882945
1552439947508215809
1552439946581258240
1552439945318760448
1552439944395767809
1552439944181780480
1552439944022413313
1552439944005632000
1552439943984779266
1552439943980630017
1552439943951273985
1552439943930183681
1552439943917608962
1552439943867248641
1552439943821004801
1552439943795838976
1552439942835585025
1552439940784730112
1552439938993778688
1552439938079420419
1552439937475158018
1552439936414273538
1552439928956780545
1552439925030748161
1552439924561149952
1552439923260952576
1552439919582511105
1552439919296974848
1552439918181613568
1552439915522424832
1552439913668579331
1552439910858371072
1552439909600083968
1552439908236775425
1552439907523895303
1552439907070922754
1552439904654999552
1552439902121656320
1552439901416996864
1552439898258681856
1552439897218502656
1552439896459350017
1552439895536566272
1552439894512787456
1552439887361904640
1552439884102901761
1552439883779948544
1552439882332925953
1552439879627583488
1552439877857583105
1552439875475243008
1552439874808328193
1552439874619600897
1552439874333974528
1552439873910771712
1552439873348710401
1552439872182681600
1552439871268339712
1552439871180255233
1552439868357505024
1552439867841609728
1552439863961878529
1552439855598403584
1552439855023796224
1552439852863754240
1552439847104966656
1552439846136082432
1552439845452390400
1552439844269596673
1552439841199386624
1552439836329803777
1552439836002648065
1552439831829282816
1552439827010060288
1552439826779353088
1552439826385096704
1552439824996782080
1552439824753508352
1552439824564764672
1552439824162095104
1552439823071588352
1552439822253723648
1552439819540004864
1552439817665146881
1552439816004202496
1552439815832244224
1552439814242574337
1552439812220919809
1552439811025563648
1552439810253799424
1552439809591091200
1552439808982941702
1552439808718688256
1552439808286670848
1552439806742913025
1552439806432772099
1552439800342654977
1552439799734497280
1552439799705141248
1552439796110344192
1552439795602755584
1552439794604867585
1552439793673707521
1552439791341703169
1552439789018058753
1552439788858658816
1552439788338552833
1552439783481548800
1552439783250862080
1552439780851732480
1552439776284143617
1552439770437263360
1552439764397477890
1552439764397477888
1552439762027696128
1552439760631005184
1552439759464968192
1552439754326933504
1552439754297593856
1552439750082297856
1552439748157112321
1552439748102623232
1552439747544780800
1552439747016269826
1552439744600350720
1552439743920902145
1552439738640236544
1552439735632928770
1552439733934256129
1552439733774454784
1552439733208625152
1552439732449443840
1552439732248133635
1552439731975507968
1552439729232105472
1552439728594911232
1552439726967488512
1552439726153822209
1552439726061555712
1552439725432381442
1552439723565715457
1552439722328264705
1552439720130801666
1552439719480668160
1552439713478221824
1552439709741502464
1552439705534611456
1552439705383608321
1552439698282663937
1552439697292804097
1552439697192132608
1552439695661203458
1552439694193209344
1552439693295370240
1552439686828036098
1552439685439721473
1552439681564164097
1552439677248221184
1552439676749103104
1552439676522627072
1552439673490132992
1552439673028747264
1552439668779941893
1552439665566916608
1552439662366855168
1552439661976760320
1552439657748922368
1552439650480177153
1552439649255161856
1552439649125437440
1552439648747945984
1552439647049252867
1552439646789201920
1552439643379220480
1552439641688576000
1552439640669700096
1552439639088451589
1552439632876519426
1552439631190593536
1552439629592539136
1552439626874617857
1552439625758969856
1552439625301770241
1552439625192722432
1552439623959613440
1552439623716343808
1552439623200428033
1552439621732429824
1552439619161305089
1552439616422432769
1552439614195269632
1552439613310246912
1552439612131667968
1552439611024379907
1552439609849946112
1552439608960598016
1552439607358238720
1552439607148818432
1552439606859419648
1552439602048561153
1552439598512734209
1552439598223364100
1552439596113432576
1552439595950047232
1552439589092184069
1552439587716608000
1552439585057406978
1552439584877051904
1552439582775738368
1552439580728913920
1552439580368211968
1552439579961356290
1552439579634184193
1552439579399311361
1552439570889060352
1552439569089712131
1552439568116641792
1552439564782178304
1552439564337565697
1552439563737780225
1552439563095871489
1552439562747924480
1552439562403999744
1552439561082802176
1552439554480619520
1552439552962605056
1552439552576724992
1552439550773202945
1552439549003169792
1552439548818477057
1552439547828776960
1552439546591444992
1552439546507567104
1552439544691437568
1552439541239529472
1552439537921851394
1552439530527281152
1552439526328791040
1552439525867421698
1552446598369935360
1552446597757554688
1552446595001905156
1552446592573386753
1552446591520616448
1552446588110655488
1552446587133374464
1552446585841524736
1552446585388544001
1552446583274622976
1552446582624514050
1552446577461334016
1552446574688878592
1552446572662853632
1552446572382027776
1552446569047359489
1552446567873150977
1552446567642464256
1552446565515935745
1552446563838218240
1552446562315427841
1552446559228665856
1552446558263820288
1552446556204580864
1552446554258153473
1552446550621966336
1552446548176519168
1552446543885930501
1552446540350107648
1552446538819186688
1552446537804185603
1552446535174340608
1552446528731635712
1552446528308248576
1552446524046848001
1552446521752408064
1552446520762531843
1552446520246796288
1552446517327597568
1552446514076995584
1552446502580404224
1552446501351493632
1552446499338207232
1552446499208200192
1552446497823887366
1552446496066670593
1552446494955151360
1552446494434893827
1552446494304780291
1552446494091145216
1552446487606460418
1552446484897202176
1552446483009617920
1552446482263216128
1552446478114766850
1552446474088488963
1552446466203197443
1552446466115125249
1552446465083318272
1552446464919584770
1552446462201843714
1552446458338725888
1552446457219018752
1552446451241947136
1552446450948526080
1552446450134441985
1552446448788185088
1552446447769243648
1552446445042937856
1552446445021982720
1552446442320658434
1552446441196781568
1552446440353701888
1552446434032734211
1552446433839779841
1552446428748083203
1552446428705873920
1552446428525518849
1552446428144095234
1552446426713849856
1552446423106727936
1552446420976041985
1552446416643039232
1552446414630039552
1552446412079583233
1552446411442384897
1552446411308158976
1552446408510550018
1552446407969083392
1552446406233059329
1552446404777619457
1552446404605661184
1552446403712262144
1552446399446679553
1552446397466972161
1552446394560311297
1552446393440432128
1552446389862699008
1552446385701928960
1552446383021772800
1552446380660391939
1552446376797405184
1552446372712161280
1552446371352952835
1552446368836653056
1552446367691423746
1552446367318118401
1552446363233034241
1552446362654228481
1552446358396739586
1552446358275215366
1552446357134536705
1552446355066748928
1552446351837102082
1552446344048017408
1552446343188254720
1552446337995931648
1552446336137838592
1552446335613550592
1552446333721903104
1552446333247975425
1552446333222797312
1552446331679293441
1552446330903175168
1552446328365797376
1552446327115710470
1552446323646812160
1552446320178495488
1552446317011808256
1552446316663422977
1552446315195662338
1552446314927243264
1552446313790590976
1552446309940236289
1552446308555919360
1552446306987425793
1552446302767976448
1552446300905676801
1552446299882258432
1552446299500417025
1552446298028396544
1552446297537642497
1552446294135869440
1552446292634513408
1552446291992518662
1552446283226685441
1552446280592666626
1552446280122736642
1552446277694406657
1552446277065281536
1552446276549107713
1552446276008300544
1552446273185366016
1552446271541366784
1552446270199169024
1552446270098518017
1552446270006239232
1552446269192556544
1552446268118806529
1552446265556103168
1552446265329594368
1552446264414855169
1552446263521857537
1552446257259757568
1552446256311848961
1552446256005656576
1552446254478950400
1552446250955509760
1552446250204921857
1552446246623014912
1552446245356158977
1552446244509077504
1552446239169728513
1552446237361979392
1552446237319766019
1552446236858408962
1552446236690718722
1552446236531519488
1552446236036562944
1552446235461636096
1552446235423956992
1552446235369345024
1552446235323207680
1552446234346278913
1552446226674913280
1552446226624561153
1552446223940218880
1552446223847669760
1552446223218806784
1552446222580973568
1552446222048559104
1552446221075501057
1552446219892703233
1552446219628445703
1552446217950531585
1552446214821785601
1552446214603685888
1552446213370380288
1552446212112273410
1552446208526135296
1552446208110632960
1552446204348342272
1552446204000477184
1552446202855444481
1552446201685213184
1552446201425195008
1552446200603103232
1552446197469974529
1552446195393765376
1552446193925513218
1552446191400808448
1552446190608093184
1552446189492404224
1552446188070518784
1552446184425496576
1552446184312246272
1552446182844420096
1552446182705741825
1552446181531615234
1552446181070061569
1552446179073753088
1552446178666708997
1552446177035321344
1552446176716521472
1552446171050033152
1552446170353782785
1552446170060001281
1552446167635861504
1552446164251078657
1552446163408007168
1552446157460484097
1552446156604841985
1552446156005060609
1552446154331553792
1552446151097741312
1552446151089012737
1552446149478744064
1552446147788443648
1552446145795919879
1552446144118419456
1552446140553240577
1552446134505062400
1552446133368078336
1552446131430637568
1552446127433457664
1552446125910753280
1552446123494850560
1552446120911306754
1552446120668037121
1552446119967608832
1552446118180429824
1552446116146593792
1552446113504194560
1552446109385216002
1552446107820916736
1552446106470055936
1552446105899905024
1552446105719283713
1552446103093940224
1552446103072948229
1552446095564890119
1552446095355428864
1552446094088753152
1552446093832916992
1552446090989158402
1552446087528853504
1552446086161530880
1552446084810944513
1552446084005433346
1552446083758190592
1552446083007188992
1552446080373370882
1552446078817128449
1552446078800351233
1552446078502445056
1552446077043097601
1552446074673311744
1552446073146589187
1552446072546795521
1552446071947030530
1552446071896678400
1552446070101528577
1552446067014516738
1552446065286479874
1552446060278194176
1552446060035207168
1552446059859034113
1552446058525257728
1552446053588541440
1552446051583684608
1552446048496676864
1552446045531295744
1552446044629512192
1552446042980900866
1552446042737901569
1552446042066792448
1552446040019976192
1552446035787939840
1552446033049026560
1552446032960954368
1552446032910614529
1552446031799156736
1552446031459414016
1552446025545449473
1552446020562599936
1552446019895697408
1552446019576922112
1552446017999892485
1552446015143550976
1552446011674615810
1552446010630311936
1552446008109694976
1552446001457557504
1552446001314934784
1552445997783035904
1552445997397454848
1552445994977361921
1552445992338919430
1552445991718375424
1552445989482807296
1552445987549249536
1552445987029159938
1552445983740596226
1552445983057133570
1552445982906155008
1552445980372762626
1552445979605221381
1552445971212431364
1552445970415230976
1552445968792297473
1552445967122956289
1552445966351040512
1552445965478805504
1552445964333772800
1552445963431989249
1552445952279347200
1552445951578886145
1552445950551273472
1552445949234003975
1552445948357677057
1552445946004664320
1552445945698258946
1552445944842850304
1552445944410828800
1552445944209489920
1552445941675970565
1552445940455571456
1552445935527301122
1552445935166590976
1552445934256234496
1552445932842909699
1552445927104839680
1552445925444001793
1552445922747219968
1552445922675924992
1552445920767524865
1552445918246748160
1552445917735038977
1552445917239836672
1552445911712043008
1552445911057715200
1552445908486586369
1552445906146172928
1552445905043099648
1552445903474409472
1552445902849478656
1552445900945235969
1552445900773277697
1552445900425146368
1552445899078778880
1552445898130857984
1552445895886934016
1552445895631081472
1552445891134763008
1552445887628341248
1552445887477170176
1552445887024369664
1552445881580138498
1552445873564831744
1552445871371030528
1552445869936750593
1552445867097038849
1552445862991003650
1552445858620362752
1552445858368884736
1552445853289574400
1552445843068043265
1552445839427403785
1552445839196717057
1552445836017434624
1552445834502995968
1552445833903329280
1552445830648729600
1552445829239246851
1552445827607851008
1552445826420871169
1552445824638091265
1552445823560327168
1552445819411996672
1552445819227635712
1552445817294057473
1552445817050775552
1552445815721197569
1552445813997334528
1552445812898242561
1552445811807911936
1552445811145191424
1552445808519290881
1552445806887960576
1552445806221099008
1552445805105414144
1552445804413353984
1552445803712716801
1552445802781765633
1552445802584625152
1552445801258856448
1552445798373535744
1552445795143929860
1552445790961926149
1552445789645017091
1552445786478497792
1552445786272989184
1552445786226671619
1552445779192807425
1552445774927384576
1552445773496860672
1552445768346177537
1552445765393723394
1552445764261281792
1552445759836286977
1552445756006866944
1552445754945716224
1552445754911981569
1552445753720995840
1552445747291115521
1552445745638547456
1552445742195027968
1552445738390810624
1552445734242242560
1552445729935073280
1552445727728869376
1552445727020052488
1552445726420275200
1552445724704768001
1552445718291689473
1552445717691928578
1552445716986986496
1552445716001587202
1552445715682856960
1552445713640206336
1552445713266909184
1552445708774539265
1552445708388954115
1552445707122081792
1552445707038367744
1552445706568634368
1552445705230647297
1552445702865059840
1552445702357356544
1552445701312888832
1552445700679806976
1552445700406927360
1552445696560988160
1552445695520813056
1552445694208004096
1552445689833332736
1552445689015472128
1552445686058205197
1552445683449593857
1552445679867293696
1552445677514461184
1552445676696772608
1552445674394124288
1552445672464748544
1552445670451466240
1552445668903784448
1552445665958998016
1552445665854509057
1552445664377839623
1552445663321137152
1552445662482268160
1552445661089779712
1552445660649095169
1552445654693289990
1552445650318802947
1552445649752301576
1552445649261436928
1552445647730638849
1552445647302918144
1552445647181467648
1552445645608620033
1552445642391183360
1552445642039246848
1552445640327987200
1552445640193576960
1552445639820206085
1552445636750221312
1552445634804088834
1552445633453342721
1552445632799199232
1552445631146635264
1552445630823677952
1552445627153674242
1552445626004418561
1552445624494292992
1552445621314801664
1552445620245647360
1552445620052697088
1552445617628381184
1552445614646251521
1552445614231003136
1552445613694144512
1552445610548416513
1552445609566941184
1552445604953202688
1552445601161289729
1552445600121393152
1552445599949144064
1552445596350705665
1552445592835612672
1552445592156385280
1552445590172274688
1552445588285042689
1552445586976444416
1552445585952997376
1552445583751004160
1552445583063150593
1552445580445892613
1552445578642341890
1552445578118049793
1552445575358222336
1552445573357531137
1552445572388634625
1552445571021307904
1552445569196769282
1552445568706039808
1552445562821439490
1552445561579905024
1552445561093386240
1552445560355192832
1552445557859577856
1552445557402116097
1552445556659998721
1552445554839494658
1552445550620188672
1552445545201147904
1552445542609059840
1552445540062924801
1552445540058951680
1552445538137669632
1552445537110335488
1552445536871059460
1552445536187613185
1552445532836331521
1552445531846483968
1552445527417098242
1552445526687490048
1552445526620405761
1552445522761621506
1552445518462189568
1552445518194053120
1552445516939931649
1552445516587606018
1552445510698811392
1552445510405226497
1552445509398568960
1552445509205622784
1552445507645181954
1552445507544698880
1552445506575802369
1552445504730333184
1552445504331857920
1552445503417511936
1552445503215992832
1552445502876438528
1552445502519930880
1552445496769527808
1552445495720943616
1552445494412075008
1552445491345911809
1552445490348052480
1552445489853120512
1552445484874485761
1552445484773801984
1552445481967845376
1552445480499826688
1552445476544589826
1552445475332444162
1552445473809924096
1552445466423750656
1552445465832357889
1552445465555263488
1552445464800546816
1552445463734919169
1552445461272952832
1552445460413321217
1552445460316655617
1552445458773164033
1552445458626539520
1552445455195308033
1552445453505073152
1552445451517181952
1552445450367959040
1552445448794697729
1552445444730814465
1552445443531239424
1552445443006668800
1552445442507829250
1552445442436304896
1552445439710212097
1552445439148195840
1552445438472896514
1552445437516607489
1552445431803973632
1552445428192677889
1552445427164782593
1552445426976313346
1552445424392617984
1552445422765068288
1552445420613554177
1552445419304919040
1552445418725851136
1552445418692562944
1552445418554146816
1552445417232769024
1552445414699401216
1552445411960705025
1552445411822292992
1552445411805503488
1552445411344154624
1552445411193135107
1552445409615704064
1552445401231687680
1552445398866104321
1552445398614441984
1552445398522155008
1552445396739584000
1552445394617237504
1552445392411062273
1552445389802188801
1552445388397096960
1552445382709608448
1552445382508318721
1552445377693229061
1552445377181351936
1552445374237126656
1552445370760069120
1552445368331550720
1552445367928893440
1552445367127621632
1552445364397314048
1552445363071885314
1552445362258214912
1552445358705614848
1552445357954842624
1552445355576401921
1552445355262095360
1552445353592512513
1552445351835348992
1552445346923835392
1552445345535168512
1552445343908139008
1552445341953318916
1552445341261250560
1552445340829515776
1552445339269222401
1552445336735842306
1552445332767784961
1552445332579315712
1552445326958936066
1552445325591191552
1552445320021540864
1552445319526621184
1552445317215584257
1552445316657717248
1552445314183077888
1552445313943740427
1552445313084018694
1552445312807358464
1552445311926571008
1552445311846494209
1552445310852546562
1552445310160748544
1552445309304938497
1552445308998754304
1552445306092265472
1552445305341513729
1552445304016105473
1552445303680544768
1552445302338117633
1552445298475401218
1552445294985367553
1552445294704754688
1552445294243381248
1552445292968308736
1552445290921472003
1552445290120065025
1552445287142408192
1552445286681018368
1552445284147671040
1552445283916980224
1552445281958260736
1552445280960004096
1552445279668154368
1552445274093912065
1552445272630112259
1552445272080392193
1552445270021242880
1552445269618601984
1552445268440018944
1552445267978653696
1552445264153448448
1552445260621824002
1552445259023810561
1552445257446756353
1552445256788221952
1552445255898877954
1552445250693890048
1552445249070731264
1552445242804424705
1552445240619008007
1552445239612547072
1552445237129547776
1552445235963527168
1552445234365480960
1552445233669210112
1552445232872046597
1552445232629030912
1552445231651606529
1552445231626596352
1552445230221520897
1552445229931925504
1552445225146392576
1552445224999591937
1552445224919629825
1552445224219471872
1552445224051523585
1552445223984582657
1552445223015366656
1552445219047886850
1552445216321597440
1552445215268827137
1552445206683058176
1552445205101805568
1552445200353890304
1552445198516781056
1552445194976493568
1552445194897084417
1552445181458522113
1552445180980396032
1552445180753870849
1552445176798670848
1552445174399537152
1552445174063984640
1552445174026235904
1552445173820706818
1552445169177612288
1552445169110519810
1552445168342962179
1552445167407603712
1552445164953960448
1552445164555485184
1552445163867623424
1552445160658989056
1552445159992082433
1552445158511321090
1552445156598882304
1552445156582125569
1552445156217204736
1552445150185799680
1552445149518921729
1552445148017348609
1552445144762576896
1552445144338931712
1552445144267628546
1552445143999205376
1552445141314863104
1552445140161417218
1552445138366263296
1552445135988080641
1552445134465286145
1552445134171623424
1552445134138376194
1552445133760888832
1552445132188061697
1552445132032872448
1552445129038139394
1552445128048254976
1552445124021735425
1552445122058797059
1552445121701941248
1552445119823249408
1552445119575773184
1552445117457666052
1552445115314192387
1552445114647478272
1552445113460477953
1552445112499990528
1552445112223145986
1552445111443013632
1552445109727547392
1552445108565725184
1552445107982712835
1552445103981342720
1552445103603859457
1552445102643367936
1552445100546228224
1552445099166289921
1552445098281304065
1552445095693422592
1552445095017955333
1552445094849957888
1552445093734674432
1552445093646573568
1552445092975513600
1552445092387901440
1552445090261770241
1552445086314684417
1552445085211840512
1552445083919810564
1552445082057449472
1552445080057028608
1552445079260135424
1552445075292299264
1552445074889637889
1552445073153224705
1552445071605530624
1552445068031950849
1552445067037929472
1552445063468560384
1552445058099859457
1552445056493436929
1552445056346382337
1552445049388269568
1552445046699732993
1552445045475004416
1552445044954923009
1552445044485156864
1552445041163251713
1552445039221297152
1552445037379977216
1552445035802947584
1552445034200731649
1552445030983692288
1552445030090293248
1552445026634190848
1552445026281603078
1552445023589134336
1552445023316496384
1552445019038306305
1552445010486136833
1552445009806622720
1552445009525612544
1552445009030688769
1552445008112132098
1552445007596261379
1552445007407493120
1552445004391788544
1552444998582665216
1552444997940944896
1552444995470499840
1552444993310433280
1552444989531365376
1552444989246181377
1552444987929161728
1552444987513933825
1552444985982816257
1552444985043197952
1552444984678580224
1552444982329544710
1552444977682477057
1552444977506095105
1552444977413705728
1552444975484661760
1552444975400484865
1552444972846424065
1552444972485726208
1552444971252596736
1552444971034513408
1552444967356080128
1552444966815027200
1552444966131343360
1552444964369747968
1552444963623153664
1552444963543461888
1552444961425346562
1552444958388682754
1552444952046862337
1552444951442898946
1552444950281076737
1552444945939693572
1552444943725363200
1552444943020474368
1552444942509035520
1552444939363299328
1552444935701659649
1552444935122866176
1552444934992850944
1552444934556622848
1552444929070465024
1552444925337280514
1552444925215916032
1552444924721008640
1552444922414133249
1552444920484737025
1552444919708614661
1552444918781849602
1552444918274326528
1552444915770343424
1552444908853956608
1552444906907762689
1552444906375098368
1552444905490124801
1552444903434895360
1552444902801559552
1552444901111255041
1552444900842807296
1552444897164247040
1552444894311878656
1552444893595049984
1552444892076711936
1552444891506307074
1552444889950203906
1552444887106306050
1552444883616800768
1552444883356483584
1552444880114569216
1552444877698658304
1552444875114971138
1552444874288680960
1552444873059729408
1552444873038520320
1552444871574953984
1552444870522191873
1552444868269871105
1552444867355492354
1552444866822832130
1552444865505796096
1552444862414614529
1552444862032916481
1552444858496851969
1552444857205293056
1552444854348959744
1552444852352487424
1552444851119165440
1552444849923969024
1552444849668128769
1552444847382233088
1552444845943570432
1552444845939376128
1552444845410615299
1552444843514908673
1552444837961809920
1552444837873725442
1552444837403795458
1552444835663327233
1552444833259986944
1552444833004163073
1552444831955570688
1552444828348063745
1552444827199238144
1552444825429241856
1552444824913334272
1552444824632324096
1552444823281729537
1552444822966964224
1552444822774235136
1552444821121699840
1552444812435116033
1552444811961311235
1552444810833068032
1552444804780691456
1552444804629667840
1552444801337151489
1552444800565407745
1552444792000643072
1552444787076505600
1552444786237673472
1552444786099224576
1552444785545592832
1552444785117593600
1552444784777646081
1552444784480243712
1552444783162888192
1552444782555070464
1552444781229637632
1552444780256571393
1552444778985701376
1552444777060528128
1552444776188100608
1552444774644596737
1552444769724297217
1552444768202145794
1552444765173473280
1552444763294601216
1552444761663242240
1552444761457704960
1552444761310920704
1552444759385702400
1552444759054368768
